0 KEY_X;KEY_ZL 0;0 0;0
1 KEY_ZL 0;0 0;0
2 KEY_ZL 0;0 0;0
3 KEY_ZL 0;0 0;0
4 KEY_ZL 0;0 0;0
5 KEY_ZL 0;0 0;0
6 KEY_ZL 0;0 0;0
7 KEY_ZL 0;0 0;0
8 KEY_ZL 0;0 0;0
9 KEY_ZL 0;0 0;0
10 KEY_ZL 0;0 0;0
11 KEY_ZL 0;0 0;0
12 KEY_ZL 0;0 0;0
13 KEY_ZL 0;0 0;0
14 KEY_ZL 0;0 0;0
15 KEY_ZL 0;0 0;0
16 KEY_ZL 0;0 0;0
17 KEY_ZL 0;0 0;0
18 KEY_ZL 0;0 0;0
19 KEY_ZL 0;0 0;0
20 KEY_ZL 0;0 0;0
21 KEY_ZL 0;0 0;0
22 KEY_ZL 0;0 0;0
23 KEY_ZL 0;0 0;0
24 KEY_ZL 0;0 0;0
25 KEY_ZL 0;0 0;0
26 KEY_ZL 0;0 0;0
27 KEY_ZL 0;0 0;0
28 KEY_ZL 0;0 0;0
29 KEY_ZL 0;0 0;0
30 KEY_ZL 0;0 0;0
31 KEY_ZL 0;0 0;0
32 KEY_ZL 0;0 0;0
33 KEY_ZL 0;0 0;0
34 KEY_ZL -22806;23527 0;0
35 KEY_ZL -22806;23527 0;0
36 KEY_ZL -22806;23527 0;0
37 KEY_ZL -22806;23527 0;0
38 KEY_ZL -22806;23527 0;0
39 KEY_B -22806;23527 0;0
40 KEY_B -22806;23527 0;0
41 KEY_B -22806;23527 0;0
42 KEY_B -22806;23527 0;0
43 KEY_B -22806;23527 0;0
44 KEY_B -22806;23527 0;0
45 KEY_B -22806;23527 0;0
46 KEY_B -22806;23527 0;0
47 KEY_B -22806;23527 0;0
48 KEY_B -22806;23527 0;0
49 KEY_B -22806;23527 0;0
50 KEY_B -22806;23527 0;0
51 KEY_B -22806;23527 0;0
52 KEY_B -22806;23527 0;0
53 KEY_B -22806;23527 0;0
54 KEY_B -22806;23527 0;0
55 KEY_B -22806;23527 0;0
56 KEY_B -22806;23527 0;0
57 KEY_B -22806;23527 0;0
58 KEY_B -22806;23527 0;0
59 KEY_B -22806;23527 0;0
60 KEY_B -22806;23527 0;0
61 KEY_B -22806;23527 0;0
62 KEY_B -22806;23527 0;0
63 KEY_B -22806;23527 0;0
64 KEY_B -22806;23527 0;0
65 KEY_B -22806;23527 0;0
66 KEY_B -22806;23527 0;0
67 KEY_B -22806;23527 0;0
68 KEY_B -22806;23527 0;0
69 KEY_B -22806;23527 0;0
70 KEY_B -22806;23527 0;0
71 KEY_B -22806;23527 0;0
72 KEY_B -22806;23527 0;0
73 KEY_B -22806;23527 0;0
74 KEY_B -22806;23527 0;0
75 KEY_B -22806;23527 0;0
76 KEY_B -22806;23527 0;0
77 KEY_B -22806;23527 0;0
78 KEY_B -22806;23527 0;0
79 KEY_B -22806;23527 0;0
80 KEY_A;KEY_B 0;0 0;0
91 KEY_A 0;0 0;0
92 KEY_B 0;0 0;0
93 KEY_A;KEY_R;KEY_L;KEY_PLUS;KEY_MINUS 0;0 0;0
94 KEY_B;KEY_R 0;0 0;0
95 KEY_A;KEY_R 0;0 0;0
96 KEY_B;KEY_R;KEY_L;KEY_PLUS;KEY_MINUS 0;0 0;0
97 KEY_A;KEY_R;KEY_L;KEY_PLUS;KEY_MINUS 0;0 0;0
98 KEY_B;KEY_R 0;0 0;0
99 KEY_A;KEY_R 0;0 0;0
100 KEY_B;KEY_R;KEY_L;KEY_PLUS;KEY_MINUS 0;0 0;0
101 KEY_A 0;0 0;0
102 KEY_B 0;0 0;0
103 KEY_A;KEY_R;KEY_L;KEY_PLUS;KEY_MINUS 0;0 0;0
104 KEY_R;KEY_L;KEY_PLUS;KEY_MINUS 0;0 0;0
105 KEY_A;KEY_R;KEY_L 0;0 0;0
106 KEY_R;KEY_L 0;0 0;0
107 KEY_A;KEY_R;KEY_L 0;0 0;0
108 KEY_B;KEY_R;KEY_L 0;0 0;0
109 KEY_A;KEY_R;KEY_L;KEY_PLUS;KEY_MINUS 0;0 0;0
110 KEY_B;KEY_R;KEY_L;KEY_PLUS;KEY_MINUS 0;0 0;0
111 KEY_A 0;0 0;0
112 KEY_B 0;0 0;0
113 KEY_A;KEY_R;KEY_L;KEY_MINUS 0;0 0;0
114 KEY_B;KEY_R;KEY_L;KEY_MINUS 0;0 0;0
115 KEY_A;KEY_R;KEY_L;KEY_MINUS 0;0 0;0
116 KEY_B;KEY_R;KEY_L;KEY_PLUS;KEY_MINUS 0;0 0;0
117 KEY_A;KEY_R;KEY_L;KEY_MINUS 0;0 0;0
118 KEY_B;KEY_R;KEY_L;KEY_MINUS 0;0 0;0
119 KEY_A;KEY_R;KEY_L;KEY_MINUS 0;0 0;0
120 KEY_B;KEY_R;KEY_L;KEY_MINUS 0;0 0;0
121 KEY_A 0;0 0;0
122 KEY_B 0;0 0;0
123 KEY_A;KEY_R;KEY_L;KEY_PLUS;KEY_MINUS 0;0 0;0
124 KEY_B;KEY_R 0;0 0;0
125 KEY_A;KEY_R 0;0 0;0
126 KEY_B;KEY_R;KEY_L;KEY_PLUS;KEY_MINUS 0;0 0;0
127 KEY_A;KEY_R;KEY_L;KEY_PLUS;KEY_MINUS 0;0 0;0
128 KEY_B;KEY_R 0;0 0;0
129 KEY_A;KEY_R 0;0 0;0
130 KEY_B;KEY_R;KEY_L;KEY_PLUS;KEY_MINUS 0;0 0;0
131 KEY_A 0;0 0;0
132 KEY_B 0;0 0;0
133 KEY_A;KEY_R;KEY_L;KEY_PLUS;KEY_MINUS 0;0 0;0
134 KEY_B;KEY_R;KEY_L;KEY_PLUS;KEY_MINUS 0;0 0;0
135 KEY_A;KEY_R;KEY_L 0;0 0;0
136 KEY_B;KEY_R;KEY_L 0;0 0;0
137 KEY_A;KEY_R;KEY_L 0;0 0;0
138 KEY_B;KEY_R;KEY_L 0;0 0;0
139 KEY_A;KEY_R;KEY_L;KEY_PLUS;KEY_MINUS 0;0 0;0
140 KEY_B;KEY_R;KEY_L;KEY_PLUS;KEY_MINUS 0;0 0;0
141 KEY_A 0;0 0;0
142 KEY_B 0;0 0;0
143 KEY_A;KEY_ZR;KEY_R;KEY_DLEFT;KEY_DUP 0;0 0;0
144 KEY_B;KEY_Y;KEY_ZL;KEY_L;KEY_MINUS;KEY_DRIGHT;KEY_DDOWN 0;0 0;0
145 KEY_A;KEY_Y;KEY_L;KEY_MINUS;KEY_DDOWN 0;0 0;0
146 KEY_B;KEY_ZR;KEY_R;KEY_DLEFT;KEY_DUP 0;0 0;0
147 KEY_A;KEY_ZL;KEY_DRIGHT 0;0 0;0
148 KEY_B 0;0 0;0
149 KEY_A 0;0 0;0
150 KEY_B 0;0 0;0
151 KEY_A 0;0 0;0
152 KEY_B 0;0 0;0
153 KEY_A 0;0 0;0
154 KEY_B 0;0 0;0
155 KEY_A 0;0 0;0
156 KEY_B 0;0 0;0
157 KEY_A 0;0 0;0
158 KEY_B 0;0 0;0
159 KEY_A 0;0 0;0
160 KEY_B 0;0 0;0
161 KEY_A 0;0 0;0
162 KEY_B 0;0 0;0
163 KEY_A 0;0 0;0
164 KEY_B 0;0 0;0
165 KEY_A 0;0 0;0
166 KEY_B 0;0 0;0
167 KEY_A 0;0 0;0
168 KEY_B 0;0 0;0
169 KEY_A 0;0 0;0
170 KEY_B 0;0 0;0
171 KEY_A 0;0 0;0
172 KEY_B 0;0 0;0
173 KEY_A 0;0 0;0
174 KEY_B 0;0 0;0
175 KEY_A 0;0 0;0
176 KEY_B 0;0 0;0
177 KEY_A 0;0 0;0
178 KEY_B 0;0 0;0
179 KEY_A 0;0 0;0
180 KEY_B 0;0 0;0
181 KEY_A 0;0 0;0
182 KEY_B 0;0 0;0
183 KEY_A 0;0 0;0
184 KEY_B 0;0 0;0
185 KEY_A 0;0 0;0
186 KEY_B 0;0 0;0
187 KEY_A 0;0 0;0
188 KEY_B 0;0 0;0
189 KEY_A 0;0 0;0
190 KEY_B 0;0 0;0
191 KEY_A 0;0 0;0
192 KEY_B 0;0 0;0
193 KEY_A 0;0 0;0
194 KEY_B 0;0 0;0
195 KEY_A 0;0 0;0
196 KEY_B 0;0 0;0
197 KEY_A 0;0 0;0
198 KEY_B 0;0 0;0
199 KEY_A 0;0 0;0
200 KEY_B 0;0 0;0
201 KEY_A 0;0 0;0
202 KEY_B 0;0 0;0
203 KEY_A 0;0 0;0
204 KEY_B 0;0 0;0
205 KEY_A 0;0 0;0
206 KEY_B 0;0 0;0
207 KEY_A 0;0 0;0
208 KEY_B 0;0 0;0
209 KEY_A 0;0 0;0
210 KEY_B 0;0 0;0
211 KEY_A 0;0 0;0
212 KEY_B 0;0 0;0
213 KEY_A 0;0 0;0
214 KEY_B 0;0 0;0
215 KEY_A 0;0 0;0
216 KEY_B 0;0 0;0
217 KEY_A 0;0 0;0
218 KEY_B 0;0 0;0
219 KEY_A 0;0 0;0
220 KEY_B 0;0 0;0
221 KEY_A 0;0 0;0
222 KEY_B 0;0 0;0
223 KEY_A 0;0 0;0
224 KEY_B 0;0 0;0
225 KEY_A 0;0 0;0
226 KEY_B 0;0 0;0
227 KEY_A 0;0 0;0
228 KEY_B 0;0 0;0
229 KEY_A 0;0 0;0
230 KEY_B 0;0 0;0
231 KEY_A 0;0 0;0
232 KEY_B 0;0 0;0
233 KEY_A 0;0 0;0
234 KEY_B 0;0 0;0
235 KEY_A 0;0 0;0
236 KEY_B 0;0 0;0
237 KEY_A 0;0 0;0
238 KEY_B 0;0 0;0
239 KEY_A 0;0 0;0
240 KEY_B 0;0 0;0
241 KEY_A 0;0 0;0
242 KEY_B 0;0 0;0
243 KEY_A 0;0 0;0
244 KEY_B 0;0 0;0
245 KEY_A 0;0 0;0
246 KEY_B 0;0 0;0
247 KEY_A 0;0 0;0
248 KEY_B 0;0 0;0
249 KEY_A 0;0 0;0
250 KEY_B 0;0 0;0
251 KEY_A 0;0 0;0
252 KEY_B 0;0 0;0
253 KEY_A 0;0 0;0
254 KEY_B 0;0 0;0
255 KEY_A 0;0 0;0
256 KEY_B 0;0 0;0
257 KEY_A 0;0 0;0
258 KEY_B 0;0 0;0
259 KEY_A 0;0 0;0
260 KEY_B 0;0 0;0
261 KEY_A 0;0 0;0
262 KEY_B 0;0 0;0
263 KEY_A 0;0 0;0
264 KEY_B 0;0 0;0
265 KEY_A 0;0 0;0
266 KEY_B 0;0 0;0
267 KEY_A 0;0 0;0
268 KEY_B 0;0 0;0
269 KEY_A 0;0 0;0
270 KEY_B 0;0 0;0
271 KEY_A 0;0 0;0
272 KEY_B 0;0 0;0
273 KEY_A 0;0 0;0
274 KEY_B 0;0 0;0
275 KEY_A 0;0 0;0
276 KEY_B 0;0 0;0
277 KEY_A 0;0 0;0
278 KEY_B 0;0 0;0
279 KEY_A 0;0 0;0
280 KEY_B 0;0 0;0
281 KEY_A 0;0 0;0
282 KEY_B 0;0 0;0
283 KEY_A 0;0 0;0
284 KEY_B 0;0 0;0
285 KEY_A 0;0 0;0
286 KEY_B 0;0 0;0
287 KEY_A 0;0 0;0
288 KEY_B 0;0 0;0
289 KEY_A 0;0 0;0
290 KEY_B 0;0 0;0
291 KEY_A 0;0 0;0
292 KEY_B 0;0 0;0
293 KEY_A 0;0 0;0
294 KEY_B 0;0 0;0
295 KEY_A 0;0 0;0
296 KEY_B 0;0 0;0
297 KEY_A 0;0 0;0
298 KEY_B 0;0 0;0
299 KEY_A 0;0 0;0
300 KEY_B 0;0 0;0
301 KEY_A 0;0 0;0
302 KEY_B 0;0 0;0
303 KEY_A 0;0 0;0
304 KEY_B 0;0 0;0
305 KEY_A 0;0 0;0
306 KEY_B 0;0 0;0
307 KEY_A 0;0 0;0
308 KEY_B 0;0 0;0
309 KEY_A 0;0 0;0
310 KEY_B 0;0 0;0
311 KEY_A 0;0 0;0
312 KEY_B 0;0 0;0
313 KEY_A 0;0 0;0
314 KEY_B 0;0 0;0
315 KEY_A 0;0 0;0
316 KEY_B 0;0 0;0
317 KEY_A 0;0 0;0
318 KEY_B 0;0 0;0
319 KEY_A 0;0 0;0
320 KEY_B 0;0 0;0
321 KEY_A 0;0 0;0
322 KEY_B 0;0 0;0
323 KEY_A 0;0 0;0
324 KEY_B 0;0 0;0
325 KEY_A 0;0 0;0
326 KEY_B 0;0 0;0
327 KEY_A 0;0 0;0
328 KEY_B 0;0 0;0
329 KEY_A 0;0 0;0
330 KEY_B 0;0 0;0
331 KEY_A 0;0 0;0
332 KEY_B 0;0 0;0
333 KEY_A 0;0 0;0
334 KEY_B 0;0 0;0
335 KEY_A 0;0 0;0
336 KEY_B 0;0 0;0
337 KEY_A 0;0 0;0
338 KEY_B 0;0 0;0
339 KEY_A 0;0 0;0
340 KEY_B 0;0 0;0
341 KEY_A 0;0 0;0
342 KEY_B 0;0 0;0
343 KEY_A 0;0 0;0
344 KEY_B 0;0 0;0
345 KEY_A 0;0 0;0
346 KEY_B 0;0 0;0
347 KEY_A 0;0 0;0
348 KEY_B 0;0 0;0
349 KEY_A 0;0 0;0
350 KEY_B 0;0 0;0
351 KEY_A 0;0 0;0
352 KEY_B 0;0 0;0
353 KEY_A 0;0 0;0
354 KEY_B 0;0 0;0
355 KEY_A 0;0 0;0
356 KEY_B 0;0 0;0
357 KEY_A 0;0 0;0
358 KEY_B 0;0 0;0
359 KEY_A 0;0 0;0
360 KEY_B 0;0 0;0
361 KEY_A 0;0 0;0
362 KEY_B 0;0 0;0
363 KEY_A 0;0 0;0
364 KEY_B 0;0 0;0
365 KEY_A 0;0 0;0
366 KEY_B 0;0 0;0
367 KEY_A 0;0 0;0
368 KEY_B 0;0 0;0
369 KEY_A 0;0 0;0
370 KEY_B 0;0 0;0
371 KEY_A 0;0 0;0
372 KEY_B 0;0 0;0
373 KEY_A 0;0 0;0
374 KEY_B 0;0 0;0
375 KEY_A 0;0 0;0
376 KEY_B 0;0 0;0
377 KEY_A 0;0 0;0
378 KEY_B 0;0 0;0
379 KEY_A 0;0 0;0
380 KEY_B 0;0 0;0
381 KEY_A 0;0 0;0
382 KEY_B 0;0 0;0
383 KEY_A 0;0 0;0
384 KEY_B 0;0 0;0
385 KEY_A 0;0 0;0
386 KEY_B 0;0 0;0
387 KEY_A 0;0 0;0
388 KEY_B 0;0 0;0
389 KEY_A 0;0 0;0
390 KEY_B 0;0 0;0
391 KEY_A 0;0 0;0
392 KEY_B 0;0 0;0
393 KEY_A 0;0 0;0
394 KEY_B 0;0 0;0
395 KEY_A 0;0 0;0
396 KEY_B 0;0 0;0
397 KEY_A 0;0 0;0
398 KEY_B 0;0 0;0
399 KEY_A 0;0 0;0
400 KEY_B 0;0 0;0
401 KEY_A 0;0 0;0
402 KEY_B 0;0 0;0
403 KEY_A 0;0 0;0
404 KEY_B 0;0 0;0
405 KEY_A 0;0 0;0
406 KEY_B 0;0 0;0
407 KEY_A 0;0 0;0
408 KEY_B 0;0 0;0
409 KEY_A 0;0 0;0
410 KEY_B 0;0 0;0
411 KEY_A 0;0 0;0
412 KEY_B 0;0 0;0
413 KEY_A 0;0 0;0
414 KEY_B 0;0 0;0
415 KEY_A 0;0 0;0
416 KEY_B 0;0 0;0
417 KEY_A 0;0 0;0
418 KEY_B 0;0 0;0
419 KEY_A 0;0 0;0
420 KEY_B 0;0 0;0
421 KEY_A 0;0 0;0
422 KEY_B 0;0 0;0
423 KEY_A 0;0 0;0
424 KEY_B 0;0 0;0
425 KEY_A 0;0 0;0
426 KEY_B 0;0 0;0
427 KEY_A 0;0 0;0
428 KEY_B 0;0 0;0
429 KEY_A 0;0 0;0
430 KEY_B 0;0 0;0
431 KEY_A 0;0 0;0
432 KEY_B 0;0 0;0
433 KEY_A 0;0 0;0
434 KEY_B 0;0 0;0
435 KEY_A 0;0 0;0
436 KEY_B 0;0 0;0
437 KEY_A 0;0 0;0
438 KEY_B 0;0 0;0
439 KEY_A 0;0 0;0
440 KEY_B 0;0 0;0
441 KEY_A 0;0 0;0
442 KEY_B 0;0 0;0
443 KEY_A 0;0 0;0
444 KEY_B 0;0 0;0
445 KEY_A 0;0 0;0
446 KEY_B 0;0 0;0
447 KEY_A 0;0 0;0
448 KEY_B 0;0 0;0
449 KEY_A 0;0 0;0
450 KEY_B 0;0 0;0
451 KEY_A 0;0 0;0
452 KEY_B 0;0 0;0
453 KEY_A 0;0 0;0
454 KEY_B 0;0 0;0
455 KEY_A 0;0 0;0
456 KEY_B 0;0 0;0
457 KEY_A 0;0 0;0
458 KEY_B 0;0 0;0
459 KEY_A 0;0 0;0
460 KEY_B 0;0 0;0
461 KEY_A 0;0 0;0
462 KEY_B 0;0 0;0
463 KEY_A 0;0 0;0
464 KEY_B 0;0 0;0
465 KEY_A 0;0 0;0
466 KEY_B 0;0 0;0
467 KEY_A 0;0 0;0
468 KEY_B 0;0 0;0
469 KEY_A 0;0 0;0
470 KEY_B 0;0 0;0
471 KEY_A 0;0 0;0
472 KEY_B 0;0 0;0
473 KEY_A 0;0 0;0
474 KEY_B 0;0 0;0
475 KEY_A 0;0 0;0
476 KEY_B 0;0 0;0
477 KEY_A 0;0 0;0
478 KEY_B 0;0 0;0
479 KEY_A 0;0 0;0
480 KEY_B 0;0 0;0
481 KEY_A 0;0 0;0
482 KEY_B 0;0 0;0
483 KEY_A 0;0 0;0
484 KEY_B 0;0 0;0
485 KEY_A 0;0 0;0
486 KEY_B 0;0 0;0
487 KEY_A 0;0 0;0
488 KEY_B 0;0 0;0
489 KEY_A 0;0 0;0
490 KEY_B 0;0 0;0
491 KEY_A 0;0 0;0
492 KEY_B 0;0 0;0
493 KEY_A 0;0 0;0
494 KEY_B 0;0 0;0
495 KEY_A 0;0 0;0
496 KEY_B 0;0 0;0
497 KEY_A 0;0 0;0
498 KEY_B 0;0 0;0
499 KEY_A 0;0 0;0
500 KEY_B 0;0 0;0
501 KEY_A 0;0 0;0
502 KEY_B 0;0 0;0
503 KEY_A 0;0 0;0
504 KEY_B 0;0 0;0
505 KEY_A 0;0 0;0
506 KEY_B 0;0 0;0
507 KEY_A 0;0 0;0
508 KEY_B 0;0 0;0
509 KEY_A 0;0 0;0
510 KEY_B 0;0 0;0
511 KEY_A 0;0 0;0
512 KEY_B 0;0 0;0
513 KEY_A 0;0 0;0
514 KEY_B 0;0 0;0
515 KEY_A 0;0 0;0
516 KEY_B 0;0 0;0
517 KEY_A 0;0 0;0
518 KEY_B 0;0 0;0
519 KEY_A 0;0 0;0
520 KEY_B 0;0 0;0
521 KEY_A 0;0 0;0
522 KEY_B 0;0 0;0
523 KEY_A 0;0 0;0
524 KEY_B 0;0 0;0
525 KEY_A 0;0 0;0
526 KEY_B 0;0 0;0
527 KEY_A 0;0 0;0
528 KEY_B 0;0 0;0
529 KEY_A 0;0 0;0
530 KEY_B 0;0 0;0
531 KEY_A 0;0 0;0
532 KEY_B 0;0 0;0
533 KEY_A 0;0 0;0
534 KEY_B 0;0 0;0
535 KEY_A 0;0 0;0
536 KEY_B 0;0 0;0
537 KEY_A 0;0 0;0
538 KEY_B 0;0 0;0
539 KEY_A 0;0 0;0
540 KEY_B 0;0 0;0
541 KEY_A 0;0 0;0
542 KEY_B 0;0 0;0
543 KEY_A 0;0 0;0
544 KEY_B 0;0 0;0
545 KEY_A 0;0 0;0
546 KEY_B 0;0 0;0
547 KEY_A 0;0 0;0
548 KEY_B 0;0 0;0
549 KEY_A 0;0 0;0
550 KEY_B 0;0 0;0
551 KEY_A 0;0 0;0
552 KEY_B 0;0 0;0
553 KEY_A 0;0 0;0
554 KEY_B 0;0 0;0
555 KEY_A 0;0 0;0
556 KEY_B 0;0 0;0
557 KEY_A 0;0 0;0
558 KEY_B 0;0 0;0
559 KEY_A 0;0 0;0
560 KEY_B 0;0 0;0
561 KEY_A 0;0 0;0
562 KEY_B 0;0 0;0
563 KEY_A 0;0 0;0
564 KEY_B 0;0 0;0
565 KEY_A 0;0 0;0
566 KEY_B 0;0 0;0
567 KEY_A 0;0 0;0
568 KEY_B 0;0 0;0
569 KEY_A 0;0 0;0
570 KEY_B 0;0 0;0
571 KEY_A 0;0 0;0
572 KEY_B 0;0 0;0
573 KEY_A 0;0 0;0
574 KEY_B 0;0 0;0
575 KEY_A 0;0 0;0
576 KEY_B 0;0 0;0
577 KEY_A 0;0 0;0
578 KEY_B 0;0 0;0
579 KEY_A 0;0 0;0
580 KEY_B 0;0 0;0
581 KEY_A 0;0 0;0
582 KEY_B 0;0 0;0
583 KEY_A 0;0 0;0
584 KEY_B 0;0 0;0
585 KEY_A 0;0 0;0
586 KEY_B 0;0 0;0
587 KEY_A 0;0 0;0
588 KEY_B 0;0 0;0
589 KEY_A 0;0 0;0
590 KEY_B 0;0 0;0
591 KEY_A 0;0 0;0
592 KEY_B 0;0 0;0
593 KEY_A 0;0 0;0
594 KEY_B 0;0 0;0
595 KEY_A 0;0 0;0
596 KEY_B 0;0 0;0
597 KEY_A 0;0 0;0
598 KEY_B 0;0 0;0
599 KEY_A 0;0 0;0
600 KEY_B 0;0 0;0
601 KEY_A 0;0 0;0
602 KEY_B 0;0 0;0
603 KEY_A 0;0 0;0
604 KEY_B 0;0 0;0
605 KEY_A 0;0 0;0
606 KEY_B 0;0 0;0
607 KEY_A 0;0 0;0
608 KEY_B 0;0 0;0
609 KEY_A 0;0 0;0
610 KEY_B 0;0 0;0
611 KEY_A 0;0 0;0
612 KEY_B 0;0 0;0
613 KEY_A 0;0 0;0
614 KEY_B 0;0 0;0
615 KEY_A 0;0 0;0
616 KEY_B 0;0 0;0
617 KEY_A 0;0 0;0
618 KEY_B 0;0 0;0
619 KEY_A 0;0 0;0
620 KEY_B 0;0 0;0
621 KEY_A 0;0 0;0
622 KEY_B 0;0 0;0
623 KEY_A 0;0 0;0
624 KEY_B 0;0 0;0
625 KEY_A 0;0 0;0
626 KEY_B 0;0 0;0
627 KEY_A 0;0 0;0
628 KEY_B 0;0 0;0
629 KEY_A 0;0 0;0
630 KEY_B 0;0 0;0
631 KEY_A 0;0 0;0
632 KEY_B 0;0 0;0
633 KEY_A 0;0 0;0
634 KEY_B 0;0 0;0
635 KEY_A 0;0 0;0
636 KEY_B 0;0 0;0
637 KEY_A 0;0 0;0
638 KEY_B 0;0 0;0
639 KEY_A 0;0 0;0
640 KEY_B 0;0 0;0
641 KEY_A 0;0 0;0
642 KEY_B 0;0 0;0
643 KEY_A 0;0 0;0
644 KEY_B 0;0 0;0
645 KEY_A 0;0 0;0
646 KEY_B 0;0 0;0
647 KEY_A 0;0 0;0
648 KEY_B 0;0 0;0
649 KEY_A 0;0 0;0
650 KEY_B 0;0 0;0
651 KEY_A 0;0 0;0
652 KEY_B 0;0 0;0
653 KEY_A 0;0 0;0
654 KEY_B 0;0 0;0
655 KEY_A 0;0 0;0
656 KEY_B 0;0 0;0
657 KEY_A 0;0 0;0
658 KEY_B 0;0 0;0
659 KEY_A 0;0 0;0
660 KEY_B 0;0 0;0
661 KEY_A 0;0 0;0
662 KEY_B 0;0 0;0
663 KEY_A 0;0 0;0
664 KEY_B 0;0 0;0
665 KEY_A 0;0 0;0
666 KEY_B 0;0 0;0
667 KEY_A 0;0 0;0
668 KEY_B 0;0 0;0
669 KEY_A 0;0 0;0
670 KEY_B 0;0 0;0
671 KEY_A 0;0 0;0
672 KEY_B 0;0 0;0
673 KEY_A 0;0 0;0
674 KEY_B 0;0 0;0
675 KEY_A 0;0 0;0
676 KEY_B 0;0 0;0
677 KEY_A 0;0 0;0
678 KEY_B 0;0 0;0
679 KEY_A 0;0 0;0
680 KEY_B 0;0 0;0
681 KEY_A 0;0 0;0
682 KEY_B 0;0 0;0
683 KEY_A 0;0 0;0
684 KEY_B 0;0 0;0
685 KEY_A 0;0 0;0
686 KEY_B 0;0 0;0
687 KEY_A 0;0 0;0
688 KEY_B 0;0 0;0
689 KEY_A 0;0 0;0
690 KEY_B 0;0 0;0
691 KEY_A 0;0 0;0
692 KEY_B 0;0 0;0
693 KEY_A 0;0 0;0
694 KEY_B 0;0 0;0
695 KEY_A 0;0 0;0
696 KEY_B 0;0 0;0
697 KEY_A 0;0 0;0
698 KEY_B 0;0 0;0
699 KEY_A 0;0 0;0
700 KEY_B 0;0 0;0
701 KEY_A 0;0 0;0
702 KEY_B 0;0 0;0
703 KEY_A 0;0 0;0
704 KEY_B 0;0 0;0
705 KEY_A 0;0 0;0
706 KEY_B 0;0 0;0
707 KEY_A 0;0 0;0
708 KEY_B 0;0 0;0
709 KEY_A 0;0 0;0
710 KEY_B 0;0 0;0
711 KEY_A 0;0 0;0
712 KEY_B 0;0 0;0
713 KEY_A 0;0 0;0
714 KEY_B 0;0 0;0
715 KEY_A 0;0 0;0
716 KEY_B 0;0 0;0
717 KEY_A 0;0 0;0
718 KEY_B 0;0 0;0
719 KEY_A 0;0 0;0
720 KEY_B 0;0 0;0
721 KEY_A 0;0 0;0
722 KEY_B 0;0 0;0
723 KEY_A 0;0 0;0
724 KEY_B 0;0 0;0
725 KEY_A 0;0 0;0
726 KEY_B 0;0 0;0
727 KEY_A 0;0 0;0
728 KEY_B 0;0 0;0
729 KEY_A 0;0 0;0
730 KEY_B 0;0 0;0
731 KEY_A 0;0 0;0
732 KEY_B 0;0 0;0
733 KEY_A 0;0 0;0
734 KEY_B 0;0 0;0
735 KEY_A 0;0 0;0
736 KEY_B 0;0 0;0
737 KEY_A 0;0 0;0
738 KEY_B 0;0 0;0
739 KEY_A 0;0 0;0
740 KEY_B 0;0 0;0
741 KEY_A 0;0 0;0
742 KEY_B 0;0 0;0
743 KEY_A 0;0 0;0
744 KEY_B 0;0 0;0
745 KEY_A 0;0 0;0
746 KEY_B 0;0 0;0
747 KEY_A 0;0 0;0
748 KEY_B 0;0 0;0
749 KEY_A 0;0 0;0
750 KEY_B 0;0 0;0
751 KEY_A 0;0 0;0
752 KEY_B 0;0 0;0
753 KEY_A 0;0 0;0
754 KEY_B 0;0 0;0
755 KEY_A 0;0 0;0
756 KEY_B 0;0 0;0
757 KEY_A 0;0 0;0
758 KEY_B 0;0 0;0
759 KEY_A 0;0 0;0
760 KEY_B 0;0 0;0
761 KEY_A 0;0 0;0
762 KEY_B 0;0 0;0
763 KEY_A 0;0 0;0
764 KEY_B 0;0 0;0
765 KEY_A 0;0 0;0
766 KEY_B 0;0 0;0
767 KEY_A 0;0 0;0
768 KEY_B 0;0 0;0
769 KEY_A 0;0 0;0
770 KEY_B 0;0 0;0
771 KEY_A 0;0 0;0
772 KEY_B 0;0 0;0
773 KEY_A 0;0 0;0
774 KEY_B 0;0 0;0
775 KEY_A 0;0 0;0
776 KEY_B 0;0 0;0
777 KEY_A 0;0 0;0
778 KEY_B 0;0 0;0
779 KEY_A 0;0 0;0
780 KEY_B 0;0 0;0
781 KEY_A 0;0 0;0
782 KEY_B 0;0 0;0
783 KEY_A 0;0 0;0
784 KEY_B 0;0 0;0
785 KEY_A 0;0 0;0
786 KEY_B 0;0 0;0
787 KEY_A 0;0 0;0
788 KEY_B 0;0 0;0
789 KEY_A 0;0 0;0
790 KEY_B 0;0 0;0
791 KEY_A 0;0 0;0
792 KEY_B 0;0 0;0
793 KEY_A 0;0 0;0
794 KEY_B 0;0 0;0
795 KEY_A 0;0 0;0
796 KEY_B 0;0 0;0
797 KEY_A 0;0 0;0
798 KEY_B 0;0 0;0
799 KEY_A 0;0 0;0
800 KEY_B 0;0 0;0
801 KEY_A 0;0 0;0
802 KEY_B 0;0 0;0
803 KEY_A 0;0 0;0
804 KEY_B 0;0 0;0
805 KEY_A 0;0 0;0
806 KEY_B 0;0 0;0
807 KEY_A 0;0 0;0
808 KEY_B 0;0 0;0
809 KEY_A 0;0 0;0
810 KEY_B 0;0 0;0
811 KEY_A 0;0 0;0
812 KEY_B 0;0 0;0
813 KEY_A 0;0 0;0
814 KEY_B 0;0 0;0
815 KEY_A 0;0 0;0
816 KEY_B 0;0 0;0
817 KEY_A 0;0 0;0
818 KEY_B 0;0 0;0
819 KEY_A 0;0 0;0
820 KEY_B 0;0 0;0
821 KEY_A 0;0 0;0
822 KEY_B 0;0 0;0
823 KEY_A 0;0 0;0
824 KEY_B 0;0 0;0
825 KEY_A 0;0 0;0
826 KEY_B 0;0 0;0
827 KEY_A 0;0 0;0
828 KEY_B 0;0 0;0
829 KEY_A 0;0 0;0
830 KEY_B 0;0 0;0
831 KEY_A 0;0 0;0
832 KEY_B 0;0 0;0
833 KEY_A 0;0 0;0
834 KEY_B 0;0 0;0
835 KEY_A 0;0 0;0
836 KEY_B 0;0 0;0
837 KEY_A 0;0 0;0
838 KEY_B 0;0 0;0
839 KEY_A 0;0 0;0
840 KEY_B 0;0 0;0
841 KEY_A 0;0 0;0
842 KEY_B 0;0 0;0
843 KEY_A 0;0 0;0
844 KEY_B 0;0 0;0
845 KEY_A 0;0 0;0
846 KEY_B 0;0 0;0
847 KEY_A 0;0 0;0
848 KEY_B 0;0 0;0
849 KEY_A 0;0 0;0
850 KEY_B 0;0 0;0
851 KEY_A 0;0 0;0
852 KEY_B 0;0 0;0
853 KEY_A 0;0 0;0
854 KEY_B 0;0 0;0
855 KEY_A 0;0 0;0
856 KEY_B 0;0 0;0
857 KEY_A 0;0 0;0
858 KEY_B 0;0 0;0
859 KEY_A 0;0 0;0
860 KEY_B 0;0 0;0
861 KEY_A 0;0 0;0
862 KEY_B 0;0 0;0
863 KEY_A 0;0 0;0
864 KEY_B 0;0 0;0
865 KEY_A 0;0 0;0
866 KEY_B 0;0 0;0
867 KEY_A 0;0 0;0
868 KEY_B 0;0 0;0
869 KEY_A 0;0 0;0
870 KEY_B 0;0 0;0
871 KEY_A 0;0 0;0
872 KEY_B 0;0 0;0
873 KEY_A 0;0 0;0
874 KEY_B 0;0 0;0
875 KEY_A 0;0 0;0
876 KEY_B 0;0 0;0
877 KEY_A 0;0 0;0
878 KEY_B 0;0 0;0
879 KEY_A 0;0 0;0
880 KEY_B 0;0 0;0
881 KEY_A 0;0 0;0
882 KEY_B 0;0 0;0
883 KEY_A 0;0 0;0
884 KEY_B 0;0 0;0
885 KEY_A 0;0 0;0
886 KEY_B 0;0 0;0
887 KEY_A 0;0 0;0
888 KEY_B 0;0 0;0
889 KEY_A 0;0 0;0
890 KEY_B 0;0 0;0
891 KEY_A 0;0 0;0
892 KEY_B 0;0 0;0
893 KEY_A 0;0 0;0
894 KEY_B 0;0 0;0
895 KEY_A 0;0 0;0
896 KEY_B 0;0 0;0
897 KEY_A 0;0 0;0
898 KEY_B 0;0 0;0
899 KEY_A 0;0 0;0
900 KEY_B 0;0 0;0
901 KEY_A 0;0 0;0
902 KEY_B 0;0 0;0
903 KEY_A 0;0 0;0
904 KEY_B 0;0 0;0
905 KEY_A 0;0 0;0
906 KEY_B 0;0 0;0
907 KEY_A 0;0 0;0
908 KEY_B 0;0 0;0
909 KEY_A 0;0 0;0
910 KEY_B 0;0 0;0
911 KEY_A 0;0 0;0
912 KEY_B 0;0 0;0
913 KEY_A 0;0 0;0
914 KEY_B 0;0 0;0
915 KEY_A 0;0 0;0
916 KEY_B 0;0 0;0
917 KEY_A 0;0 0;0
918 KEY_B 0;0 0;0
919 KEY_A 0;0 0;0
920 KEY_B 0;0 0;0
921 KEY_A 0;0 0;0
922 KEY_B 0;0 0;0
923 KEY_A 0;0 0;0
924 KEY_B 0;0 0;0
925 KEY_A 0;0 0;0
926 KEY_B 0;0 0;0
927 KEY_A 0;0 0;0
928 KEY_B 0;0 0;0
929 KEY_A 0;0 0;0
930 KEY_B 0;0 0;0
931 KEY_A 0;0 0;0
932 KEY_B 0;0 0;0
933 KEY_A 0;0 0;0
934 KEY_B 0;0 0;0
935 KEY_A 0;0 0;0
936 KEY_B 0;0 0;0
937 KEY_A 0;0 0;0
938 KEY_B 0;0 0;0
939 KEY_A 0;0 0;0
940 KEY_B 0;0 0;0
941 KEY_A 0;0 0;0
942 KEY_B 0;0 0;0
943 KEY_A 0;0 0;0
944 KEY_B 0;0 0;0
945 KEY_A 0;0 0;0
946 KEY_B 0;0 0;0
947 KEY_A 0;0 0;0
948 KEY_B 0;0 0;0
949 KEY_A 0;0 0;0
950 KEY_B 0;0 0;0
951 KEY_A 0;0 0;0
952 KEY_B 0;0 0;0
953 KEY_A 0;0 0;0
954 KEY_B 0;0 0;0
955 KEY_A 0;0 0;0
956 KEY_B 0;0 0;0
957 KEY_A 0;0 0;0
958 KEY_B 0;0 0;0
959 KEY_A 0;0 0;0
960 KEY_B 0;0 0;0
961 KEY_A 0;0 0;0
962 KEY_B 0;0 0;0
963 KEY_A 0;0 0;0
964 KEY_B 0;0 0;0
965 KEY_A 0;0 0;0
966 KEY_B 0;0 0;0
967 KEY_A 0;0 0;0
968 KEY_B 0;0 0;0
969 KEY_A 0;0 0;0
970 KEY_B 0;0 0;0
971 KEY_A 0;0 0;0
972 KEY_B 0;0 0;0
973 KEY_A 0;0 0;0
974 KEY_B 0;0 0;0
975 KEY_A 0;0 0;0
976 KEY_B 0;0 0;0
977 KEY_A 0;0 0;0
978 KEY_B 0;0 0;0
979 KEY_A 0;0 0;0
980 KEY_B 0;0 0;0
981 KEY_A 0;0 0;0
982 KEY_B 0;0 0;0
983 KEY_A 0;0 0;0
984 KEY_B 0;0 0;0
985 KEY_A 0;0 0;0
986 KEY_B 0;0 0;0
987 KEY_A 0;0 0;0
988 KEY_B 0;0 0;0
989 KEY_A 0;0 0;0
990 KEY_B 0;0 0;0
991 KEY_A 0;0 0;0
992 KEY_B 0;0 0;0
993 KEY_A 0;0 0;0
994 KEY_B 0;0 0;0
995 KEY_A 0;0 0;0
996 KEY_B 0;0 0;0
997 KEY_A 0;0 0;0
998 KEY_B 0;0 0;0
999 KEY_A 0;0 0;0
1000 KEY_B 0;0 0;0
1001 KEY_A 0;0 0;0
1002 KEY_B 0;0 0;0
1003 KEY_A 0;0 0;0
1004 KEY_B 0;0 0;0
1005 KEY_A 0;0 0;0
1006 KEY_B 0;0 0;0
1007 KEY_A 0;0 0;0
1008 KEY_B 0;0 0;0
1009 KEY_A 0;0 0;0
1010 KEY_B 0;0 0;0
1011 KEY_A 0;0 0;0
1012 KEY_B 0;0 0;0
1013 KEY_A 0;0 0;0
1014 KEY_B 0;0 0;0
1015 KEY_A 0;0 0;0
1016 KEY_B 0;0 0;0
1017 KEY_A 0;0 0;0
1018 KEY_B 0;0 0;0
1019 KEY_A 0;0 0;0
1020 KEY_B 0;0 0;0
1021 KEY_A 0;0 0;0
1022 KEY_B 0;0 0;0
1023 KEY_A 0;0 0;0
1024 KEY_B 0;0 0;0
1025 KEY_A 0;0 0;0
1026 KEY_B 0;0 0;0
1027 KEY_A 0;0 0;0
1028 KEY_B 0;0 0;0
1029 KEY_A 0;0 0;0
1030 KEY_B 0;0 0;0
1031 KEY_A 0;0 0;0
1032 KEY_B 0;0 0;0
1033 KEY_A 0;0 0;0
1034 KEY_B 0;0 0;0
1035 KEY_A 0;0 0;0
1036 KEY_B 0;0 0;0
1037 KEY_A 0;0 0;0
1038 KEY_B 0;0 0;0
1039 KEY_A 0;0 0;0
1040 KEY_B 0;0 0;0
1041 KEY_A 0;0 0;0
1042 KEY_B 0;0 0;0
1043 KEY_A 0;0 0;0
1044 KEY_B 0;0 0;0
1045 KEY_A 0;0 0;0
1046 KEY_B 0;0 0;0
1047 KEY_A 0;0 0;0
1048 KEY_B 0;0 0;0
1049 KEY_A 0;0 0;0
1050 KEY_B 0;0 0;0
1051 KEY_A 0;0 0;0
1052 KEY_B 0;0 0;0
1053 KEY_A 0;0 0;0
1054 KEY_B 0;0 0;0
1055 KEY_A 0;0 0;0
1056 KEY_B 0;0 0;0
1057 KEY_A 0;0 0;0
1058 KEY_B 0;0 0;0
1059 KEY_A 0;0 0;0
1060 KEY_B 0;0 0;0
1061 KEY_A 0;0 0;0
1062 KEY_B 0;0 0;0
1063 KEY_A 0;0 0;0
1064 KEY_B 0;0 0;0
1065 KEY_A 0;0 0;0
1066 KEY_B 0;0 0;0
1067 KEY_A 0;0 0;0
1068 KEY_B 0;0 0;0
1069 KEY_A 0;0 0;0
1070 KEY_B 0;0 0;0
1071 KEY_A 0;0 0;0
1072 KEY_B 0;0 0;0
1073 KEY_A 0;0 0;0
1074 KEY_B 0;0 0;0
1075 KEY_A 0;0 0;0
1076 KEY_B 0;0 0;0
1077 KEY_A 0;0 0;0
1078 KEY_B 0;0 0;0
1079 KEY_A 0;0 0;0
1080 KEY_A 0;0 0;0
1081 KEY_B 0;0 0;0
1082 KEY_A 0;0 0;0
1083 KEY_B 0;0 0;0
1084 KEY_A 0;0 0;0
1085 KEY_B 0;0 0;0
1086 KEY_A 0;0 0;0
1087 KEY_B 0;0 0;0
1088 KEY_A 0;0 0;0
1089 KEY_B 0;0 0;0
1090 KEY_A 0;0 0;0
1091 KEY_B 0;0 0;0
1092 KEY_A 0;0 0;0
1093 KEY_B 0;0 0;0
1094 KEY_A 0;0 0;0
1095 KEY_B 0;0 0;0
1096 KEY_A 0;0 0;0
1097 KEY_B 0;0 0;0
1098 KEY_A 0;0 0;0
1099 KEY_B 0;0 0;0
1100 KEY_A 0;0 0;0
1101 KEY_B 0;0 0;0
1102 KEY_A 0;0 0;0
1103 KEY_B 0;0 0;0
1104 KEY_A 0;0 0;0
1105 KEY_B 0;0 0;0
1106 KEY_A 0;0 0;0
1107 KEY_B 0;0 0;0
1108 KEY_A 0;0 0;0
1109 KEY_B 0;0 0;0
1110 KEY_A 0;0 0;0
1111 KEY_B 0;0 0;0
1112 KEY_A 0;0 0;0
1113 KEY_B 0;0 0;0
1114 KEY_A 0;0 0;0
1115 KEY_B 0;0 0;0
1116 KEY_A 0;0 0;0
1117 KEY_B 0;0 0;0
1118 KEY_A 0;0 0;0
1119 KEY_B 0;0 0;0
1120 KEY_A 0;0 0;0
1121 KEY_B 0;0 0;0
1122 KEY_A 0;0 0;0
1123 KEY_B 0;0 0;0
1124 KEY_A 0;0 0;0
1125 KEY_B 0;0 0;0
1126 KEY_A 0;0 0;0
1127 KEY_B 0;0 0;0
1128 KEY_A 0;0 0;0
1129 KEY_B 0;0 0;0
1130 KEY_A 0;0 0;0
1131 KEY_B 0;0 0;0
1132 KEY_A 0;0 0;0
1133 KEY_B 0;0 0;0
1134 KEY_A 0;0 0;0
1135 KEY_B 0;0 0;0
1136 KEY_A 0;0 0;0
1137 KEY_A 0;0 0;0
1138 KEY_B 0;0 0;0
1139 KEY_B 31981;7131 0;0
1140 KEY_B 31981;7131 0;0
1141 KEY_B 31981;7131 0;0
1142 KEY_B 31981;7131 0;0
1143 KEY_B 31981;7131 0;0
1144 KEY_B 31981;7131 0;0
1145 KEY_B 31981;7131 0;0
1146 KEY_B 31981;7131 0;0
1147 KEY_B 31981;7131 0;0
1148 KEY_B 31981;7131 0;0
1149 KEY_B 31981;7131 0;0
1150 KEY_B 31981;7131 0;0
1151 KEY_B 31981;7131 0;0
1152 KEY_B 31981;7131 0;0
1153 KEY_B 31981;7131 0;0
1154 KEY_B 31981;7131 0;0
1155 KEY_B 32363;5123 -32767;0
1156 KEY_B 32600;-3301 -32587;-3425
1157 KEY_B 32151;-6320 -32050;-6812
1158 KEY_B 31423;-9285 -31163;-10125
1159 KEY_B 30423;-12169 -29934;-13327
1160 KEY_B 29158;-14947 -28377;-16383
1161 KEY_B 27641;-17596 -26509;-19259
1162 KEY_B 25883;-20092 -24350;-21925
1163 KEY_B 23901;-22414 -21925;-24350
1164 KEY_B 21711;-24541 -19259;-26509
1165 KEY_B 19333;-26455 -16383;-28377
1166 KEY_B 16787;-28139 -13327;-29934
1167 KEY_B 14096;-29579 -10125;-31163
1168 KEY_B 11282;-30763 -6812;-32050
1169 KEY_B 8370;-31679 -3425;-32587
1170 KEY_B 8457;-31656 0;-32767
1171 KEY_X 0;0 0;0
1172 NONE 0;0 -32767;0
1173 NONE 0;0 -32767;0
1174 NONE 0;0 -32767;0
1175 NONE 0;0 -31627;0
1178 KEY_A;KEY_ZL 0;0 0;-32767
1179 NONE 0;0 0;32767
1180 NONE 0;0 0;32767
1181 NONE 0;0 0;32767
1182 NONE 0;0 -950;0
1184 KEY_DLEFT 0;0 0;0
1185 KEY_ZL;KEY_DLEFT 0;0 0;0
1186 KEY_ZL;KEY_DLEFT 0;0 0;0
1196 KEY_R 0;0 0;0
1197 KEY_R 0;0 0;0
1198 KEY_R 0;0 0;0
1199 KEY_R 0;0 0;0
1200 KEY_R 0;0 0;0
1201 KEY_R 0;0 0;0
1202 KEY_R 0;0 0;0
1203 KEY_R 0;0 0;0
1204 KEY_R 0;0 0;0
1205 KEY_B;KEY_R 0;0 0;0
1206 KEY_ZL 0;32767 0;0
1207 KEY_ZL 0;32767 0;0
1208 KEY_X;KEY_ZL 0;32767 0;0
1211 KEY_L 0;0 0;0
1213 KEY_DUP 0;0 0;0
1214 KEY_R;KEY_DUP 0;0 0;0
1215 KEY_R;KEY_DUP 0;0 0;0
1224 KEY_ZR;KEY_L 0;0 0;0
1231 KEY_ZR 0;0 -32767;0
1232 KEY_ZR 0;0 -32767;0
1233 KEY_ZR 0;0 -32766;0
1234 KEY_ZR 0;0 -32767;0
1235 KEY_ZR 0;0 -32767;0
1236 KEY_ZR 0;0 -22434;0
1237 KEY_ZR 0;0 0;0
1238 KEY_B;KEY_ZR 0;0 0;0
1239 KEY_DUP 0;0 0;0
1240 KEY_L;KEY_DUP 0;0 0;0
1241 KEY_L;KEY_DUP 0;0 0;0
1246 KEY_L 0;0 0;0
1297 KEY_A 0;32767 0;0
1298 NONE 0;32767 0;0
1299 KEY_A 0;32767 0;0
1300 NONE 0;32767 0;0
1301 KEY_A 0;32767 0;0
1302 NONE 0;32767 0;0
1303 KEY_A 0;32767 0;0
1304 NONE 0;32767 0;0
1305 KEY_A 0;32767 0;0
1306 NONE 0;32767 0;0
1307 KEY_A 0;32767 0;0
1308 NONE 0;32767 0;0
1309 KEY_A 0;32767 0;0
1310 NONE 0;32767 0;0
1311 KEY_A 0;32767 0;0
1312 NONE 0;32767 0;0
1313 KEY_A 0;32767 0;0
1314 NONE 0;32767 0;0
1315 KEY_A 0;32767 0;0
1316 NONE 0;32767 0;0
1317 KEY_A 0;32767 0;0
1318 NONE 0;32767 0;0
1319 KEY_A 0;32767 0;0
1320 NONE 0;32767 0;0
1321 KEY_A 0;32767 0;0
1322 NONE 0;32767 0;0
1323 KEY_A 0;32767 0;0
1324 NONE 0;32767 0;0
1325 KEY_A 0;32767 0;0
1326 NONE 0;32767 0;0
1327 KEY_A 0;32767 0;0
1328 NONE 0;32767 0;0
1329 KEY_A 0;32767 0;0
1330 NONE 0;32767 0;0
1331 KEY_A 0;32767 0;0
1332 NONE 0;32767 0;0
1333 KEY_A 0;32767 0;0
1334 NONE 0;32767 0;0
1335 KEY_A 0;32767 0;0
1336 NONE 0;32767 0;0
1337 KEY_A 0;32767 0;0
1338 NONE 0;32767 0;0
1339 KEY_A 0;32767 0;0
1340 NONE 0;32767 0;0
1341 KEY_A 0;32767 0;0
1342 NONE 0;32767 0;0
1343 KEY_A 0;32767 0;0
1344 NONE 0;32767 0;0
1345 KEY_A 0;32767 0;0
1346 NONE 0;32767 0;0
1347 KEY_A 0;32767 0;0
1348 NONE 0;32767 0;0
1349 KEY_A 0;32767 0;0
1350 NONE 0;32767 0;0
1351 KEY_A 0;32767 0;0
1352 NONE 0;32767 0;0
1353 KEY_A 0;32767 0;0
1354 NONE 0;32767 0;0
1355 KEY_A 0;32767 0;0
1356 NONE 0;32767 0;0
1357 KEY_A 0;32767 0;0
1358 NONE 0;32767 0;0
1359 KEY_A 0;32767 0;0
1360 NONE 0;32767 0;0
1361 KEY_A 0;32767 0;0
1362 NONE 0;32767 0;0
1363 KEY_A 0;32767 0;0
1364 NONE 0;32767 0;0
1365 KEY_A 0;32767 0;0
1366 NONE 0;32767 0;0
1367 KEY_A 0;32767 0;0
1368 NONE 0;32767 0;0
1369 KEY_A 0;32767 0;0
1370 NONE 0;32767 0;0
1371 KEY_A 0;32767 0;0
1372 NONE 0;32767 0;0
1373 KEY_A 0;32767 0;0
1374 NONE 0;32767 0;0
1375 KEY_A 0;32767 0;0
1376 NONE 0;32767 0;0
1377 KEY_A 0;32767 0;0
1378 NONE 0;32767 0;0
1379 KEY_A 0;32767 0;0
1380 NONE 0;32767 0;0
1381 KEY_A 0;32767 0;0
1382 NONE 0;32767 0;0
1383 KEY_A 0;32767 0;0
1384 NONE 0;32767 0;0
1385 KEY_A 0;32767 0;0
1386 NONE 0;32767 0;0
1387 KEY_A 0;32767 0;0
1388 NONE 0;32767 0;0
1389 KEY_A 0;32767 0;0
1390 NONE 0;32767 0;0
1391 KEY_A 0;32767 0;0
1392 NONE 0;32767 0;0
1393 KEY_A 0;32767 0;0
1394 NONE 0;32767 0;0
1395 KEY_A 0;32767 0;0
1396 NONE 0;32767 0;0
1397 KEY_A 0;32767 0;0
1398 NONE 0;32767 0;0
1399 KEY_A 0;32767 0;0
1400 NONE 0;32767 0;0
1401 KEY_A 0;32767 0;0
1402 NONE 0;32767 0;0
1403 KEY_A 0;32767 0;0
1404 NONE 0;32767 0;0
1405 KEY_A 0;32767 0;0
1406 NONE 0;32767 0;0
1407 KEY_A 0;32767 0;0
1408 NONE 0;32767 0;0
1409 KEY_A 0;32767 0;0
1410 NONE 0;32767 0;0
1411 KEY_A 0;32767 0;0
1412 NONE 0;32767 0;0
1413 KEY_A 0;32767 0;0
1414 NONE 0;32767 0;0
1415 KEY_A 0;32767 0;0
1416 NONE 0;32767 0;0
1417 KEY_A 0;32767 0;0
1418 NONE 0;32767 0;0
1419 KEY_A 0;32767 0;0
1420 NONE 0;32767 0;0
1421 KEY_A 0;32767 0;0
1422 NONE 0;32767 0;0
1423 KEY_A 0;32767 0;0
1424 NONE 0;32767 0;0
1425 KEY_A 0;32767 0;0
1426 NONE 0;32767 0;0
1427 KEY_A 0;32767 0;0
1428 NONE 0;32767 0;0
1429 KEY_A 0;32767 0;0
1430 NONE 0;32767 0;0
1431 KEY_A 0;32767 0;0
1432 NONE 0;32767 0;0
1433 KEY_A 0;32767 0;0
1434 NONE 0;32767 0;0
1435 KEY_A 0;32767 0;0
1436 NONE 0;32767 0;0
1437 KEY_A 0;32767 0;0
1438 NONE 0;32767 0;0
1439 KEY_A 0;32767 0;0
1440 NONE 0;32767 0;0
1441 KEY_A 0;32767 0;0
1442 NONE 0;32767 0;0
1443 KEY_A 0;32767 0;0
1444 NONE 0;32767 0;0
1445 KEY_A 0;32767 0;0
1446 NONE 0;32767 0;0
1447 KEY_A 0;32767 0;0
1448 NONE 0;32767 0;0
1449 KEY_A 0;32767 0;0
1450 NONE 0;32767 0;0
1451 KEY_A 0;32767 0;0
1452 NONE 0;32767 0;0
1453 KEY_A 0;32767 0;0
1454 NONE 0;32767 0;0
1455 KEY_A 0;32767 0;0
1456 NONE 0;32767 0;0
1457 KEY_A 0;32767 0;0
1458 NONE 0;32767 0;0
1459 KEY_A 0;32767 0;0
1460 NONE 0;32767 0;0
1461 KEY_A 0;32767 0;0
1462 NONE 0;32767 0;0
1463 KEY_A 0;32767 0;0
1464 NONE 0;32767 0;0
1465 KEY_A 0;32767 0;0
1466 NONE 0;32767 0;0
1467 KEY_A 0;32767 0;0
1468 NONE 0;32767 0;0
1469 KEY_A 0;32767 0;0
1470 NONE 0;32767 0;0
1471 KEY_A 0;32767 0;0
1472 NONE 0;32767 0;0
1473 KEY_A 0;32767 0;0
1474 NONE 0;32767 0;0
1475 KEY_A 0;32767 0;0
1476 NONE 0;32767 0;0
1477 KEY_A 0;32767 0;0
