0 KEY_X;KEY_ZL 0;0 0;0
1 KEY_ZL 0;0 0;0
2 KEY_ZL 0;0 0;0
3 KEY_ZL 0;0 0;0
4 KEY_ZL 0;0 0;0
5 KEY_ZL 0;0 0;0
6 KEY_ZL 0;0 0;0
7 KEY_ZL 0;0 0;0
8 KEY_ZL 0;0 0;0
9 KEY_ZL 0;0 0;0
10 KEY_ZL 0;0 0;0
11 KEY_ZL 0;0 0;0
12 KEY_ZL 0;0 0;0
13 KEY_ZL 0;0 0;0
14 KEY_ZL 0;0 0;0
15 KEY_ZL 0;0 0;0
16 KEY_ZL 0;0 0;0
17 KEY_ZL 0;0 0;0
18 KEY_ZL 0;0 0;0
19 KEY_ZL 0;0 0;0
20 KEY_ZL 0;0 0;0
21 KEY_ZL 0;0 0;0
22 KEY_ZL 0;0 0;0
23 KEY_ZL 0;0 0;0
24 KEY_ZL 0;0 0;0
25 KEY_ZL 0;0 0;0
26 KEY_ZL 0;0 0;0
27 KEY_ZL 0;0 0;0
28 KEY_ZL 0;0 0;0
29 KEY_ZL 0;0 0;0
30 KEY_ZL 0;0 0;0
31 KEY_ZL 0;0 0;0
32 KEY_ZL 0;0 0;0
33 KEY_ZL 0;0 0;0
34 KEY_ZL -15892;28654 0;0
35 KEY_ZL -15892;28654 0;0
36 KEY_ZL -15892;28654 0;0
37 KEY_ZL -15892;28654 0;0
38 KEY_ZL -15892;28654 0;0
39 KEY_B -15892;28654 0;0
40 KEY_B -15892;28654 0;0
41 KEY_B -15892;28654 0;0
42 KEY_B -15892;28654 0;0
43 KEY_B -15892;28654 0;0
44 KEY_B -15892;28654 0;0
45 KEY_B -15892;28654 0;0
46 KEY_B -15892;28654 0;0
47 KEY_B -15892;28654 0;0
48 KEY_B -15892;28654 0;0
49 KEY_B -15892;28654 0;0
50 KEY_B -15892;28654 0;0
51 KEY_B -15892;28654 0;0
52 KEY_B -15892;28654 0;0
53 KEY_B -15892;28654 0;0
54 KEY_B -15892;28654 0;0
55 KEY_B -15892;28654 0;0
56 KEY_B -15892;28654 0;0
57 KEY_B -15892;28654 0;0
58 KEY_B -15892;28654 0;0
59 KEY_B -15892;28654 0;0
60 KEY_B -15892;28654 0;0
61 KEY_B -15892;28654 0;0
62 KEY_B -15892;28654 0;0
63 KEY_B -15892;28654 0;0
64 KEY_B -15892;28654 0;0
65 KEY_B -15892;28654 0;0
66 KEY_B -15892;28654 0;0
67 KEY_B -15892;28654 0;0
68 KEY_B -15892;28654 0;0
69 KEY_B -15892;28654 0;0
70 KEY_B -15892;28654 0;0
71 KEY_B -15892;28654 0;0
72 KEY_B -15892;28654 0;0
73 KEY_B -15892;28654 0;0
74 KEY_B -15892;28654 0;0
75 KEY_B -15892;28654 0;0
76 KEY_B -15892;28654 0;0
77 KEY_B -15892;28654 0;0
78 KEY_B -15892;28654 0;0
79 KEY_B -15892;28654 0;0
80 KEY_B -15892;28654 0;0
81 KEY_B -15892;28654 0;0
82 KEY_B -15892;28654 0;0
83 KEY_B -15892;28654 0;0
84 KEY_B -15892;28654 0;0
85 KEY_B -15892;28654 0;0
86 KEY_B -15892;28654 0;0
87 KEY_B -15892;28654 0;0
88 KEY_B -15892;28654 0;0
89 KEY_B -15892;28654 0;0
90 KEY_B -15892;28654 0;0
91 KEY_B -15892;28654 0;0
92 KEY_B -15892;28654 0;0
93 KEY_B -15892;28654 0;0
94 KEY_B -15892;28654 0;0
95 KEY_B -15892;28654 0;0
96 KEY_B -15892;28654 0;0
97 KEY_B -15892;28654 0;0
98 KEY_B -15892;28654 0;0
99 KEY_B -15892;28654 0;0
100 KEY_B -15892;28654 0;0
101 KEY_B -15892;28654 0;0
102 KEY_B -15892;28654 0;0
103 KEY_B -15892;28654 0;0
104 KEY_B -15892;28654 0;0
105 KEY_B -15892;28654 0;0
106 KEY_B -15892;28654 0;0
107 KEY_B -15892;28654 0;0
108 KEY_B -15892;28654 0;0
109 KEY_B -15892;28654 0;0
110 KEY_B -15892;28654 0;0
111 KEY_B -15892;28654 0;0
112 KEY_B -15892;28654 0;0
113 KEY_B -15892;28654 0;0
114 KEY_B -15892;28654 0;0
115 KEY_B -15892;28654 0;0
116 KEY_B -15892;28654 0;0
117 KEY_B -15892;28654 0;0
118 KEY_B -15892;28654 0;0
119 KEY_B -15892;28654 0;0
120 KEY_B -15892;28654 0;0
121 KEY_B -15892;28654 0;0
122 KEY_B -15892;28654 0;0
123 KEY_B -15892;28654 0;0
124 KEY_B -15949;28623 0;0
125 KEY_A -15591;28820 0;0
134 KEY_A 0;0 0;0
135 KEY_B 0;0 0;0
136 KEY_A;KEY_R;KEY_L;KEY_PLUS;KEY_MINUS 0;0 0;0
137 KEY_B;KEY_R 0;0 0;0
138 KEY_A;KEY_R 0;0 0;0
139 KEY_B;KEY_R;KEY_L;KEY_PLUS;KEY_MINUS 0;0 0;0
140 KEY_A;KEY_R;KEY_L;KEY_PLUS;KEY_MINUS 0;0 0;0
141 KEY_B;KEY_R 0;0 0;0
142 KEY_A;KEY_R 0;0 0;0
143 KEY_B;KEY_R;KEY_L;KEY_PLUS;KEY_MINUS 0;0 0;0
144 KEY_A 0;0 0;0
145 KEY_B 0;0 0;0
146 KEY_A;KEY_R;KEY_L;KEY_PLUS;KEY_MINUS 0;0 0;0
147 KEY_R;KEY_L;KEY_PLUS;KEY_MINUS 0;0 0;0
148 KEY_A;KEY_R;KEY_L 0;0 0;0
149 KEY_R;KEY_L 0;0 0;0
150 KEY_A;KEY_R;KEY_L 0;0 0;0
151 KEY_B;KEY_R;KEY_L 0;0 0;0
152 KEY_A;KEY_R;KEY_L;KEY_PLUS;KEY_MINUS 0;0 0;0
153 KEY_B;KEY_R;KEY_L;KEY_PLUS;KEY_MINUS 0;0 0;0
154 KEY_A 0;0 0;0
155 KEY_B 0;0 0;0
156 KEY_A;KEY_R;KEY_L;KEY_MINUS 0;0 0;0
157 KEY_B;KEY_R;KEY_L;KEY_MINUS 0;0 0;0
158 KEY_A;KEY_R;KEY_L;KEY_MINUS 0;0 0;0
159 KEY_B;KEY_R;KEY_L;KEY_PLUS;KEY_MINUS 0;0 0;0
160 KEY_A;KEY_R;KEY_L;KEY_MINUS 0;0 0;0
161 KEY_B;KEY_R;KEY_L;KEY_MINUS 0;0 0;0
162 KEY_A;KEY_R;KEY_L;KEY_MINUS 0;0 0;0
163 KEY_B;KEY_R;KEY_L;KEY_MINUS 0;0 0;0
164 KEY_A 0;0 0;0
165 KEY_B 0;0 0;0
166 KEY_A;KEY_R;KEY_L;KEY_PLUS;KEY_MINUS 0;0 0;0
167 KEY_B;KEY_R 0;0 0;0
168 KEY_A;KEY_R 0;0 0;0
169 KEY_B;KEY_R;KEY_L;KEY_PLUS;KEY_MINUS 0;0 0;0
170 KEY_A;KEY_R;KEY_L;KEY_PLUS;KEY_MINUS 0;0 0;0
171 KEY_B;KEY_R 0;0 0;0
172 KEY_A;KEY_R 0;0 0;0
173 KEY_B;KEY_R;KEY_L;KEY_PLUS;KEY_MINUS 0;0 0;0
174 KEY_A 0;0 0;0
175 KEY_B 0;0 0;0
176 KEY_A;KEY_R;KEY_L;KEY_PLUS;KEY_MINUS 0;0 0;0
177 KEY_B;KEY_R;KEY_L;KEY_PLUS;KEY_MINUS 0;0 0;0
178 KEY_A;KEY_R;KEY_L 0;0 0;0
179 KEY_B;KEY_R;KEY_L 0;0 0;0
180 KEY_A;KEY_R;KEY_L 0;0 0;0
181 KEY_B;KEY_R;KEY_L 0;0 0;0
182 KEY_A;KEY_R;KEY_L;KEY_PLUS;KEY_MINUS 0;0 0;0
183 KEY_B;KEY_R;KEY_L;KEY_PLUS;KEY_MINUS 0;0 0;0
184 KEY_A 0;0 0;0
185 KEY_B 0;0 0;0
186 KEY_A;KEY_ZR;KEY_R;KEY_DLEFT;KEY_DUP 0;0 0;0
187 KEY_B;KEY_Y;KEY_ZL;KEY_L;KEY_MINUS;KEY_DRIGHT;KEY_DDOWN 0;0 0;0
188 KEY_A;KEY_Y;KEY_L;KEY_MINUS;KEY_DDOWN 0;0 0;0
189 KEY_B;KEY_ZR;KEY_R;KEY_DLEFT;KEY_DUP 0;0 0;0
190 KEY_A;KEY_ZL;KEY_DRIGHT 0;0 0;0
191 KEY_B 0;0 0;0
192 KEY_A 0;0 0;0
193 KEY_B 0;0 0;0
194 KEY_A 0;0 0;0
195 KEY_B 0;0 0;0
196 KEY_A 0;0 0;0
197 KEY_B 0;0 0;0
198 KEY_A 0;0 0;0
199 KEY_B 0;0 0;0
200 KEY_A 0;0 0;0
202 KEY_A 0;0 0;0
204 KEY_A 0;0 0;0
206 KEY_A 0;0 0;0
207 KEY_B 0;0 0;0
208 KEY_A 0;0 0;0
209 KEY_B 0;0 0;0
210 KEY_A 0;0 0;0
211 KEY_B 0;0 0;0
212 KEY_A 0;0 0;0
213 KEY_B 0;0 0;0
214 KEY_A 0;0 0;0
215 KEY_B 0;0 0;0
216 KEY_A 0;0 0;0
217 KEY_B 0;0 0;0
218 KEY_A 0;0 0;0
219 KEY_B 0;0 0;0
220 KEY_A 0;0 0;0
221 KEY_B 0;0 0;0
222 KEY_A 0;0 0;0
223 KEY_B 0;0 0;0
224 KEY_A 0;0 0;0
225 KEY_B 0;0 0;0
226 KEY_A 0;0 0;0
227 KEY_B 0;0 0;0
228 KEY_A 0;0 0;0
229 KEY_B 0;0 0;0
230 KEY_A 0;0 0;0
231 KEY_B 0;0 0;0
232 KEY_A 0;0 0;0
233 KEY_B 0;0 0;0
234 KEY_A 0;0 0;0
235 KEY_B 0;0 0;0
236 KEY_A 0;0 0;0
237 KEY_B 0;0 0;0
238 KEY_A 0;0 0;0
239 KEY_B 0;0 0;0
240 KEY_A 0;0 0;0
241 KEY_B 0;0 0;0
242 KEY_A 0;0 0;0
243 KEY_B 0;0 0;0
244 KEY_A 0;0 0;0
245 KEY_B 0;0 0;0
246 KEY_A 0;0 0;0
247 KEY_B 0;0 0;0
248 KEY_A 0;0 0;0
249 KEY_B 0;0 0;0
250 KEY_A 0;0 0;0
251 KEY_B 0;0 0;0
252 KEY_A 0;0 0;0
253 KEY_B 0;0 0;0
254 KEY_A 0;0 0;0
255 KEY_B 0;0 0;0
256 KEY_A 0;0 0;0
257 KEY_B 0;0 0;0
258 KEY_A 0;0 0;0
259 KEY_B 0;0 0;0
260 KEY_A 0;0 0;0
261 KEY_B 0;0 0;0
262 KEY_A 0;0 0;0
263 KEY_B 0;0 0;0
264 KEY_A 0;0 0;0
265 KEY_B 0;0 0;0
266 KEY_A 0;0 0;0
267 KEY_B 0;0 0;0
268 KEY_A 0;0 0;0
269 KEY_B 0;0 0;0
270 KEY_A 0;0 0;0
271 KEY_B 0;0 0;0
272 KEY_A 0;0 0;0
273 KEY_B 0;0 0;0
274 KEY_A 0;0 0;0
275 KEY_B 0;0 0;0
276 KEY_A 0;0 0;0
277 KEY_B 0;0 0;0
278 KEY_A 0;0 0;0
279 KEY_B 0;0 0;0
280 KEY_A 0;0 0;0
281 KEY_B 0;0 0;0
282 KEY_A 0;0 0;0
283 KEY_B 0;0 0;0
284 KEY_A 0;0 0;0
285 KEY_B 0;0 0;0
286 KEY_A 0;0 0;0
287 KEY_B 0;0 0;0
288 KEY_A 0;0 0;0
289 KEY_B 0;0 0;0
290 KEY_A 0;0 0;0
291 KEY_B 0;0 0;0
292 KEY_A 0;0 0;0
293 KEY_B 0;0 0;0
294 KEY_A 0;0 0;0
295 KEY_B 0;0 0;0
296 KEY_A 0;0 0;0
297 KEY_B 0;0 0;0
298 KEY_A 0;0 0;0
299 KEY_B 0;0 0;0
300 KEY_A 0;0 0;0
301 KEY_B 0;0 0;0
302 KEY_A 0;0 0;0
303 KEY_B 0;0 0;0
304 KEY_A 0;0 0;0
305 KEY_B 0;0 0;0
306 KEY_A 0;0 0;0
307 KEY_B 0;0 0;0
308 KEY_A 0;0 0;0
309 KEY_B 0;0 0;0
310 KEY_A 0;0 0;0
311 KEY_B 0;0 0;0
312 KEY_A 0;0 0;0
313 KEY_B 0;0 0;0
314 KEY_A 0;0 0;0
315 KEY_B 0;0 0;0
316 KEY_A 0;0 0;0
317 KEY_B 0;0 0;0
318 KEY_A 0;0 0;0
319 KEY_B 0;0 0;0
320 KEY_A 0;0 0;0
321 KEY_B 0;0 0;0
322 KEY_A 0;0 0;0
323 KEY_B 0;0 0;0
324 KEY_A 0;0 0;0
325 KEY_B 0;0 0;0
326 KEY_A 0;0 0;0
327 KEY_B 0;0 0;0
328 KEY_A 0;0 0;0
329 KEY_B 0;0 0;0
330 KEY_A 0;0 0;0
331 KEY_B 0;0 0;0
332 KEY_A 0;0 0;0
333 KEY_B 0;0 0;0
334 KEY_A 0;0 0;0
335 KEY_B 0;0 0;0
336 KEY_A 0;0 0;0
337 KEY_B 0;0 0;0
338 KEY_A 0;0 0;0
339 KEY_B 0;0 0;0
340 KEY_A 0;0 0;0
341 KEY_B 0;0 0;0
342 KEY_A 0;0 0;0
343 KEY_B 0;0 0;0
344 KEY_A 0;0 0;0
345 KEY_B 0;0 0;0
346 KEY_A 0;0 0;0
347 KEY_B 0;0 0;0
348 KEY_A 0;0 0;0
349 KEY_B 0;0 0;0
350 KEY_A 0;0 0;0
351 KEY_B 0;0 0;0
352 KEY_A 0;0 0;0
353 KEY_B 0;0 0;0
354 KEY_A 0;0 0;0
355 KEY_B 0;0 0;0
356 KEY_A 0;0 0;0
357 KEY_B 0;0 0;0
358 KEY_A 0;0 0;0
359 KEY_B 0;0 0;0
360 KEY_A 0;0 0;0
361 KEY_B 0;0 0;0
362 KEY_A 0;0 0;0
363 KEY_B 0;0 0;0
364 KEY_A 0;0 0;0
365 KEY_B 0;0 0;0
366 KEY_A 0;0 0;0
367 KEY_B 0;0 0;0
368 KEY_A 0;0 0;0
369 KEY_B 0;0 0;0
370 KEY_A 0;0 0;0
371 KEY_B 0;0 0;0
372 KEY_A 0;0 0;0
373 KEY_B 0;0 0;0
374 KEY_A 0;0 0;0
375 KEY_B 0;0 0;0
376 KEY_A 0;0 0;0
377 KEY_B 0;0 0;0
378 KEY_A 0;0 0;0
379 KEY_B 0;0 0;0
380 KEY_A 0;0 0;0
381 KEY_B 0;0 0;0
382 KEY_A 0;0 0;0
383 KEY_B 0;0 0;0
384 KEY_A 0;0 0;0
385 KEY_B 0;0 0;0
386 KEY_A 0;0 0;0
387 KEY_B 0;0 0;0
388 KEY_A 0;0 0;0
389 KEY_B 0;0 0;0
390 KEY_A 0;0 0;0
391 KEY_B 0;0 0;0
392 KEY_A 0;0 0;0
393 KEY_B 0;0 0;0
394 KEY_A 0;0 0;0
395 KEY_B 0;0 0;0
396 KEY_A 0;0 0;0
397 KEY_B 0;0 0;0
398 KEY_A 0;0 0;0
399 KEY_B 0;0 0;0
400 KEY_A 0;0 0;0
401 KEY_B 0;0 0;0
402 KEY_A 0;0 0;0
403 KEY_B 0;0 0;0
404 KEY_A 0;0 0;0
405 KEY_B 0;0 0;0
406 KEY_A 0;0 0;0
407 KEY_B 0;0 0;0
408 KEY_A 0;0 0;0
409 KEY_B 0;0 0;0
410 KEY_A 0;0 0;0
411 KEY_B 0;0 0;0
412 KEY_A 0;0 0;0
413 KEY_B 0;0 0;0
414 KEY_A 0;0 0;0
415 KEY_B 0;0 0;0
416 KEY_A 0;0 0;0
417 KEY_B 0;0 0;0
418 KEY_A 0;0 0;0
419 KEY_B 0;0 0;0
420 KEY_A 0;0 0;0
421 KEY_B 0;0 0;0
422 KEY_A 0;0 0;0
423 KEY_B 0;0 0;0
424 KEY_A 0;0 0;0
425 KEY_B 0;0 0;0
426 KEY_A 0;0 0;0
427 KEY_B 0;0 0;0
428 KEY_A 0;0 0;0
429 KEY_B 0;0 0;0
430 KEY_A 0;0 0;0
431 KEY_B 0;0 0;0
432 KEY_A 0;0 0;0
433 KEY_B 0;0 0;0
434 KEY_A 0;0 0;0
435 KEY_B 0;0 0;0
436 KEY_A 0;0 0;0
437 KEY_B 0;0 0;0
438 KEY_A 0;0 0;0
439 KEY_B 0;0 0;0
440 KEY_A 0;0 0;0
441 KEY_B 0;0 0;0
442 KEY_A 0;0 0;0
443 KEY_B 0;0 0;0
444 KEY_A 0;0 0;0
445 KEY_B 0;0 0;0
446 KEY_A 0;0 0;0
447 KEY_B 0;0 0;0
448 KEY_A 0;0 0;0
449 KEY_B 0;0 0;0
450 KEY_A 0;0 0;0
451 KEY_B 0;0 0;0
452 KEY_A 0;0 0;0
453 KEY_B 0;0 0;0
454 KEY_A 0;0 0;0
455 KEY_B 0;0 0;0
456 KEY_A 0;0 0;0
457 KEY_B 0;0 0;0
458 KEY_A 0;0 0;0
459 KEY_B 0;0 0;0
460 KEY_A 0;0 0;0
461 KEY_B 0;0 0;0
462 KEY_A 0;0 0;0
463 KEY_B 0;0 0;0
464 KEY_A 0;0 0;0
465 KEY_B 0;0 0;0
466 KEY_A 0;0 0;0
467 KEY_B 0;0 0;0
468 KEY_A 0;0 0;0
469 KEY_B 0;0 0;0
470 KEY_A 0;0 0;0
471 KEY_B 0;0 0;0
472 KEY_A 0;0 0;0
473 KEY_B 0;0 0;0
474 KEY_A 0;0 0;0
475 KEY_B 0;0 0;0
476 KEY_A 0;0 0;0
477 KEY_B 0;0 0;0
478 KEY_A 0;0 0;0
479 KEY_B 0;0 0;0
480 KEY_A 0;0 0;0
481 KEY_B 0;0 0;0
482 KEY_A 0;0 0;0
483 KEY_B 0;0 0;0
484 KEY_A 0;0 0;0
485 KEY_B 0;0 0;0
486 KEY_A 0;0 0;0
487 KEY_B 0;0 0;0
488 KEY_A 0;0 0;0
489 KEY_B 0;0 0;0
490 KEY_A 0;0 0;0
491 KEY_B 0;0 0;0
492 KEY_A 0;0 0;0
493 KEY_B 0;0 0;0
494 KEY_A 0;0 0;0
495 KEY_B 0;0 0;0
496 KEY_A 0;0 0;0
497 KEY_B 0;0 0;0
498 KEY_A 0;0 0;0
499 KEY_B 0;0 0;0
500 KEY_A 0;0 0;0
501 KEY_B 0;0 0;0
502 KEY_A 0;0 0;0
503 KEY_B 0;0 0;0
504 KEY_A 0;0 0;0
505 KEY_B 0;0 0;0
506 KEY_A 0;0 0;0
507 KEY_B 0;0 0;0
508 KEY_A 0;0 0;0
509 KEY_B 0;0 0;0
510 KEY_A 0;0 0;0
511 KEY_B 0;0 0;0
512 KEY_A 0;0 0;0
513 KEY_B 0;0 0;0
514 KEY_A 0;0 0;0
515 KEY_B 0;0 0;0
516 KEY_A 0;0 0;0
517 KEY_B 0;0 0;0
518 KEY_A 0;0 0;0
519 KEY_B 0;0 0;0
520 KEY_A 0;0 0;0
521 KEY_B 0;0 0;0
522 KEY_A 0;0 0;0
523 KEY_B 0;0 0;0
524 KEY_A 0;0 0;0
525 KEY_B 0;0 0;0
526 KEY_A 0;0 0;0
527 KEY_B 0;0 0;0
528 KEY_A 0;0 0;0
529 KEY_B 0;0 0;0
530 KEY_A 0;0 0;0
531 KEY_B 0;0 0;0
532 KEY_A 0;0 0;0
533 KEY_B 0;0 0;0
534 KEY_A 0;0 0;0
535 KEY_B 0;0 0;0
536 KEY_A 0;0 0;0
537 KEY_B 0;0 0;0
538 KEY_A 0;0 0;0
539 KEY_B 0;0 0;0
540 KEY_A 0;0 0;0
541 KEY_B 0;0 0;0
542 KEY_A 0;0 0;0
543 KEY_B 0;0 0;0
544 KEY_A 0;0 0;0
545 KEY_B 0;0 0;0
546 KEY_A 0;0 0;0
547 KEY_B 0;0 0;0
548 KEY_A 0;0 0;0
549 KEY_B 0;0 0;0
550 KEY_A 0;0 0;0
551 KEY_B 0;0 0;0
552 KEY_A 0;0 0;0
553 KEY_B 0;0 0;0
554 KEY_A 0;0 0;0
555 KEY_B 0;0 0;0
556 KEY_A 0;0 0;0
557 KEY_B 0;0 0;0
558 KEY_A 0;0 0;0
559 KEY_B 0;0 0;0
560 KEY_A 0;0 0;0
561 KEY_B 0;0 0;0
562 KEY_A 0;0 0;0
563 KEY_B 0;0 0;0
564 KEY_A 0;0 0;0
565 KEY_B 0;0 0;0
566 KEY_A 0;0 0;0
567 KEY_B 0;0 0;0
568 KEY_A 0;0 0;0
569 KEY_B 0;0 0;0
570 KEY_A 0;0 0;0
571 KEY_B 0;0 0;0
572 KEY_A 0;0 0;0
573 KEY_B 0;0 0;0
574 KEY_A 0;0 0;0
575 KEY_B 0;0 0;0
576 KEY_A 0;0 0;0
577 KEY_B 0;0 0;0
578 KEY_A 0;0 0;0
579 KEY_B 0;0 0;0
580 KEY_A 0;0 0;0
581 KEY_B 0;0 0;0
582 KEY_A 0;0 0;0
583 KEY_B 0;0 0;0
584 KEY_A 0;0 0;0
585 KEY_B 0;0 0;0
586 KEY_A 0;0 0;0
587 KEY_B 0;0 0;0
588 KEY_A 0;0 0;0
589 KEY_B 0;0 0;0
590 KEY_A 0;0 0;0
591 KEY_B 0;0 0;0
592 KEY_A 0;0 0;0
593 KEY_B 0;0 0;0
594 KEY_A 0;0 0;0
595 KEY_B 0;0 0;0
596 KEY_A 0;0 0;0
597 KEY_B 0;0 0;0
598 KEY_A 0;0 0;0
599 KEY_B 0;0 0;0
600 KEY_A 0;0 0;0
601 KEY_B 0;0 0;0
602 KEY_A 0;0 0;0
603 KEY_B 0;0 0;0
604 KEY_A 0;0 0;0
605 KEY_B 0;0 0;0
606 KEY_A 0;0 0;0
607 KEY_B 0;0 0;0
608 KEY_A 0;0 0;0
609 KEY_B 0;0 0;0
610 KEY_A 0;0 0;0
611 KEY_B 0;0 0;0
612 KEY_A 0;0 0;0
613 KEY_B 0;0 0;0
614 KEY_A 0;0 0;0
615 KEY_B 0;0 0;0
616 KEY_A 0;0 0;0
617 KEY_B 0;0 0;0
618 KEY_A 0;0 0;0
619 KEY_B 0;0 0;0
620 KEY_A 0;0 0;0
621 KEY_B 0;0 0;0
622 KEY_A 0;0 0;0
623 KEY_B 0;0 0;0
624 KEY_A 0;0 0;0
625 KEY_B 0;0 0;0
626 KEY_A 0;0 0;0
627 KEY_B 0;0 0;0
628 KEY_A 0;0 0;0
629 KEY_B 0;0 0;0
630 KEY_A 0;0 0;0
631 KEY_B 0;0 0;0
632 KEY_A 0;0 0;0
633 KEY_B 0;0 0;0
634 KEY_A 0;0 0;0
635 KEY_B 0;0 0;0
636 KEY_A 0;0 0;0
637 KEY_B 0;0 0;0
638 KEY_A 0;0 0;0
639 KEY_B 0;0 0;0
640 KEY_A 0;0 0;0
641 KEY_B 0;0 0;0
642 KEY_A 0;0 0;0
643 KEY_B 0;0 0;0
644 KEY_A 0;0 0;0
645 KEY_B 0;0 0;0
646 KEY_A 0;0 0;0
647 KEY_B 0;0 0;0
648 KEY_A 0;0 0;0
649 KEY_B 0;0 0;0
650 KEY_A 0;0 0;0
651 KEY_B 0;0 0;0
652 KEY_A 0;0 0;0
653 KEY_B 0;0 0;0
654 KEY_A 0;0 0;0
655 KEY_B 0;0 0;0
656 KEY_A 0;0 0;0
657 KEY_B 0;0 0;0
658 KEY_A 0;0 0;0
659 KEY_B 0;0 0;0
660 KEY_A 0;0 0;0
661 KEY_B 0;0 0;0
662 KEY_A 0;0 0;0
663 KEY_B 0;0 0;0
664 KEY_A 0;0 0;0
665 KEY_B 0;0 0;0
666 KEY_A 0;0 0;0
667 KEY_B 0;0 0;0
668 KEY_A 0;0 0;0
669 KEY_B 0;0 0;0
670 KEY_A 0;0 0;0
671 KEY_B 0;0 0;0
672 KEY_A 0;0 0;0
673 KEY_B 0;0 0;0
674 KEY_A 0;0 0;0
675 KEY_B 0;0 0;0
676 KEY_A 0;0 0;0
677 KEY_B 0;0 0;0
678 KEY_A 0;0 0;0
679 KEY_B 0;0 0;0
680 KEY_A 0;0 0;0
681 KEY_B 0;0 0;0
682 KEY_A 0;0 0;0
683 KEY_B 0;0 0;0
684 KEY_A 0;0 0;0
685 KEY_B 0;0 0;0
686 KEY_A 0;0 0;0
687 KEY_B 0;0 0;0
688 KEY_A 0;0 0;0
689 KEY_B 0;0 0;0
690 KEY_A 0;0 0;0
691 KEY_B 0;0 0;0
692 KEY_A 0;0 0;0
693 KEY_B 0;0 0;0
694 KEY_A 0;0 0;0
695 KEY_B 0;0 0;0
696 KEY_A 0;0 0;0
697 KEY_B 0;0 0;0
698 KEY_A 0;0 0;0
699 KEY_B 0;0 0;0
700 KEY_A 0;0 0;0
701 KEY_B 0;0 0;0
702 KEY_A 0;0 0;0
703 KEY_B 0;0 0;0
704 KEY_A 0;0 0;0
705 KEY_B 0;0 0;0
706 KEY_A 0;0 0;0
707 KEY_B 0;0 0;0
708 KEY_A 0;0 0;0
709 KEY_B 0;0 0;0
710 KEY_A 0;0 0;0
711 KEY_B 0;0 0;0
712 KEY_A 0;0 0;0
713 KEY_B 0;0 0;0
714 KEY_A 0;0 0;0
715 KEY_B 0;0 0;0
716 KEY_A 0;0 0;0
717 KEY_B 0;0 0;0
718 KEY_A 0;0 0;0
719 KEY_B 0;0 0;0
720 KEY_A 0;0 0;0
721 KEY_B 0;0 0;0
722 KEY_A 0;0 0;0
723 KEY_B 0;0 0;0
724 KEY_A 0;0 0;0
725 KEY_B 0;0 0;0
726 KEY_A 0;0 0;0
727 KEY_B 0;0 0;0
728 KEY_A 0;0 0;0
729 KEY_B 0;0 0;0
730 KEY_A 0;0 0;0
731 KEY_B 0;0 0;0
732 KEY_A 0;0 0;0
733 KEY_B 0;0 0;0
734 KEY_A 0;0 0;0
735 KEY_B 0;0 0;0
736 KEY_A 0;0 0;0
737 KEY_B 0;0 0;0
738 KEY_A 0;0 0;0
739 KEY_B 0;0 0;0
740 KEY_A 0;0 0;0
741 KEY_B 0;0 0;0
742 KEY_A 0;0 0;0
743 KEY_B 0;0 0;0
744 KEY_A 0;0 0;0
745 KEY_B 0;0 0;0
746 KEY_A 0;0 0;0
747 KEY_B 0;0 0;0
748 KEY_A 0;0 0;0
749 KEY_B 0;0 0;0
750 KEY_A 0;0 0;0
751 KEY_B 0;0 0;0
752 KEY_A 0;0 0;0
753 KEY_B 0;0 0;0
754 KEY_A 0;0 0;0
755 KEY_B 0;0 0;0
756 KEY_A 0;0 0;0
757 KEY_B 0;0 0;0
758 KEY_A 0;0 0;0
759 KEY_B 0;0 0;0
760 KEY_A 0;0 0;0
761 KEY_B 0;0 0;0
762 KEY_A 0;0 0;0
763 KEY_B 0;0 0;0
764 KEY_A 0;0 0;0
765 KEY_B 0;0 0;0
766 KEY_A 0;0 0;0
767 KEY_B 0;0 0;0
768 KEY_A 0;0 0;0
769 KEY_B 0;0 0;0
770 KEY_A 0;0 0;0
771 KEY_B 0;0 0;0
772 KEY_A 0;0 0;0
773 KEY_B 0;0 0;0
774 KEY_A 0;0 0;0
775 KEY_B 0;0 0;0
776 KEY_A 0;0 0;0
777 KEY_B 0;0 0;0
778 KEY_A 0;0 0;0
779 KEY_B 0;0 0;0
780 KEY_A 0;0 0;0
781 KEY_B 0;0 0;0
782 KEY_A 0;0 0;0
783 KEY_B 0;0 0;0
784 KEY_A 0;0 0;0
785 KEY_B 0;0 0;0
786 KEY_A 0;0 0;0
787 KEY_B 0;0 0;0
788 KEY_A 0;0 0;0
789 KEY_B 0;0 0;0
790 KEY_A 0;0 0;0
791 KEY_B 0;0 0;0
792 KEY_A 0;0 0;0
793 KEY_B 0;0 0;0
794 KEY_A 0;0 0;0
795 KEY_B 0;0 0;0
796 KEY_A 0;0 0;0
797 KEY_B 0;0 0;0
798 KEY_A 0;0 0;0
799 KEY_B 0;0 0;0
800 KEY_A 0;0 0;0
801 KEY_B 0;0 0;0
802 KEY_A 0;0 0;0
803 KEY_B 0;0 0;0
804 KEY_A 0;0 0;0
805 KEY_B 0;0 0;0
806 KEY_A 0;0 0;0
807 KEY_B 0;0 0;0
808 KEY_A 0;0 0;0
809 KEY_B 0;0 0;0
810 KEY_A 0;0 0;0
811 KEY_B 0;0 0;0
812 KEY_A 0;0 0;0
813 KEY_B 0;0 0;0
814 KEY_A 0;0 0;0
815 KEY_B 0;0 0;0
816 KEY_A 0;0 0;0
817 KEY_B 0;0 0;0
818 KEY_A 0;0 0;0
819 KEY_B 0;0 0;0
820 KEY_A 0;0 0;0
821 KEY_B 0;0 0;0
822 KEY_A 0;0 0;0
823 KEY_B 0;0 0;0
824 KEY_A 0;0 0;0
825 KEY_B 0;0 0;0
826 KEY_A 0;0 0;0
827 KEY_B 0;0 0;0
828 KEY_A 0;0 0;0
829 KEY_B 0;0 0;0
830 KEY_A 0;0 0;0
831 KEY_B 0;0 0;0
832 KEY_A 0;0 0;0
833 KEY_B 0;0 0;0
834 KEY_A 0;0 0;0
835 KEY_B 0;0 0;0
836 KEY_A 0;0 0;0
837 KEY_B 0;0 0;0
838 KEY_A 0;0 0;0
839 KEY_B 0;0 0;0
840 KEY_A 0;0 0;0
841 KEY_B 0;0 0;0
842 KEY_A 0;0 0;0
843 KEY_B 0;0 0;0
844 KEY_A 0;0 0;0
845 KEY_B 0;0 0;0
846 KEY_A 0;0 0;0
847 KEY_B 0;0 0;0
848 KEY_A 0;0 0;0
849 KEY_B 0;0 0;0
850 KEY_A 0;0 0;0
851 KEY_B 0;0 0;0
852 KEY_A 0;0 0;0
853 KEY_B 0;0 0;0
854 KEY_A 0;0 0;0
855 KEY_B 0;0 0;0
856 KEY_A 0;0 0;0
857 KEY_B 0;0 0;0
858 KEY_A 0;0 0;0
859 KEY_B 0;0 0;0
860 KEY_A 0;0 0;0
861 KEY_B 0;0 0;0
862 KEY_A 0;0 0;0
863 KEY_B 0;0 0;0
864 KEY_A 0;0 0;0
865 KEY_B 0;0 0;0
866 KEY_A 0;0 0;0
867 KEY_B 0;0 0;0
868 KEY_A 0;0 0;0
869 KEY_B 0;0 0;0
870 KEY_A 0;0 0;0
871 KEY_B 0;0 0;0
872 KEY_A 0;0 0;0
873 KEY_B 0;0 0;0
874 KEY_A 0;0 0;0
875 KEY_B 0;0 0;0
876 KEY_A 0;0 0;0
877 KEY_B 0;0 0;0
878 KEY_A 0;0 0;0
879 KEY_B 0;0 0;0
880 KEY_A 0;0 0;0
881 KEY_B 0;0 0;0
882 KEY_A 0;0 0;0
883 KEY_B 0;0 0;0
884 KEY_A 0;0 0;0
885 KEY_B 0;0 0;0
886 KEY_A 0;0 0;0
887 KEY_B 0;0 0;0
888 KEY_A 0;0 0;0
889 KEY_B 0;0 0;0
890 KEY_A 0;0 0;0
891 KEY_B 0;0 0;0
892 KEY_A 0;0 0;0
893 KEY_B 0;0 0;0
894 KEY_A 0;0 0;0
895 KEY_B 0;0 0;0
896 KEY_A 0;0 0;0
897 KEY_B 0;0 0;0
898 KEY_A 0;0 0;0
899 KEY_B 0;0 0;0
900 KEY_A 0;0 0;0
901 KEY_B 0;0 0;0
902 KEY_A 0;0 0;0
903 KEY_B 0;0 0;0
904 KEY_A 0;0 0;0
905 KEY_B 0;0 0;0
906 KEY_A 0;0 0;0
907 KEY_B 0;0 0;0
908 KEY_A 0;0 0;0
909 KEY_B 0;0 0;0
910 KEY_A 0;0 0;0
911 KEY_B 0;0 0;0
912 KEY_A 0;0 0;0
913 KEY_B 0;0 0;0
914 KEY_A 0;0 0;0
915 KEY_B 0;0 0;0
916 KEY_A 0;0 0;0
917 KEY_B 0;0 0;0
918 KEY_A 0;0 0;0
919 KEY_B 0;0 0;0
920 KEY_A 0;0 0;0
921 KEY_B 0;0 0;0
922 KEY_A 0;0 0;0
923 KEY_B 0;0 0;0
924 KEY_A 0;0 0;0
925 KEY_B 0;0 0;0
926 KEY_A 0;0 0;0
927 KEY_B 0;0 0;0
928 KEY_A 0;0 0;0
929 KEY_B 0;0 0;0
930 KEY_A 0;0 0;0
931 KEY_B 0;0 0;0
932 KEY_A 0;0 0;0
933 KEY_B 0;0 0;0
934 KEY_A 0;0 0;0
935 KEY_B 0;0 0;0
936 KEY_A 0;0 0;0
937 KEY_B 0;0 0;0
938 KEY_A 0;0 0;0
939 KEY_B 0;0 0;0
940 KEY_A 0;0 0;0
941 KEY_B 0;0 0;0
942 KEY_A 0;0 0;0
943 KEY_B 0;0 0;0
944 KEY_A 0;0 0;0
945 KEY_B 0;0 0;0
946 KEY_A 0;0 0;0
947 KEY_B 0;0 0;0
948 KEY_A 0;0 0;0
949 KEY_B 0;0 0;0
950 KEY_A 0;0 0;0
951 KEY_B 0;0 0;0
952 KEY_A 0;0 0;0
953 KEY_B 0;0 0;0
954 KEY_A 0;0 0;0
955 KEY_B 0;0 0;0
956 KEY_A 0;0 0;0
957 KEY_B 0;0 0;0
958 KEY_A 0;0 0;0
959 KEY_B 0;0 0;0
960 KEY_A 0;0 0;0
961 KEY_B 0;0 0;0
962 KEY_A 0;0 0;0
963 KEY_B 0;0 0;0
964 KEY_A 0;0 0;0
965 KEY_B 0;0 0;0
966 KEY_A 0;0 0;0
967 KEY_B 0;0 0;0
968 KEY_A 0;0 0;0
969 KEY_B 0;0 0;0
970 KEY_A 0;0 0;0
971 KEY_B 0;0 0;0
972 KEY_A 0;0 0;0
973 KEY_B 0;0 0;0
974 KEY_A 0;0 0;0
975 KEY_B 0;0 0;0
976 KEY_A 0;0 0;0
977 KEY_B 0;0 0;0
978 KEY_A 0;0 0;0
979 KEY_B 0;0 0;0
980 KEY_A 0;0 0;0
981 KEY_B 0;0 0;0
982 KEY_A 0;0 0;0
983 KEY_B 0;0 0;0
984 KEY_A 0;0 0;0
985 KEY_B 0;0 0;0
986 KEY_A 0;0 0;0
987 KEY_B 0;0 0;0
988 KEY_A 0;0 0;0
989 KEY_B 0;0 0;0
990 KEY_A 0;0 0;0
991 KEY_B 0;0 0;0
992 KEY_A 0;0 0;0
993 KEY_B 0;0 0;0
994 KEY_A 0;0 0;0
995 KEY_B 0;0 0;0
996 KEY_A 0;0 0;0
997 KEY_B 0;0 0;0
998 KEY_A 0;0 0;0
999 KEY_B 0;0 0;0
1000 KEY_A 0;0 0;0
1001 KEY_B 0;0 0;0
1002 KEY_A 0;0 0;0
1003 KEY_B 0;0 0;0
1004 KEY_A 0;0 0;0
1005 KEY_B 0;0 0;0
1006 KEY_A 0;0 0;0
1007 KEY_B 0;0 0;0
1008 KEY_A 0;0 0;0
1009 KEY_B 0;0 0;0
1010 KEY_A 0;0 0;0
1011 KEY_B 0;0 0;0
1012 KEY_A 0;0 0;0
1013 KEY_B 0;0 0;0
1014 KEY_A 0;0 0;0
1015 KEY_B 0;0 0;0
1016 KEY_A 0;0 0;0
1017 KEY_B 0;0 0;0
1018 KEY_A 0;0 0;0
1019 KEY_B 0;0 0;0
1020 KEY_A 0;0 0;0
1021 KEY_B 0;0 0;0
1022 KEY_A 0;0 0;0
1023 KEY_B 0;0 0;0
1024 KEY_A 0;0 0;0
1025 KEY_B 0;0 0;0
1026 KEY_A 0;0 0;0
1027 KEY_B 0;0 0;0
1028 KEY_A 0;0 0;0
1029 KEY_B 0;0 0;0
1030 KEY_A 0;0 0;0
1031 KEY_B 0;0 0;0
1032 KEY_A 0;0 0;0
1033 KEY_B 0;0 0;0
1034 KEY_A 0;0 0;0
1035 KEY_B 0;0 0;0
1036 KEY_A 0;0 0;0
1037 KEY_B 0;0 0;0
1038 KEY_A 0;0 0;0
1039 KEY_B 0;0 0;0
1040 KEY_A 0;0 0;0
1041 KEY_B 0;0 0;0
1042 KEY_A 0;0 0;0
1043 KEY_B 0;0 0;0
1044 KEY_A 0;0 0;0
1045 KEY_B 0;0 0;0
1046 KEY_A 0;0 0;0
1047 KEY_B 0;0 0;0
1048 KEY_A 0;0 0;0
1049 KEY_B 0;0 0;0
1050 KEY_A 0;0 0;0
1051 KEY_B 0;0 0;0
1052 KEY_A 0;0 0;0
1053 KEY_B 0;0 0;0
1054 KEY_A 0;0 0;0
1055 KEY_B 0;0 0;0
1056 KEY_A 0;0 0;0
1057 KEY_B 0;0 0;0
1058 KEY_A 0;0 0;0
1059 KEY_B 0;0 0;0
1060 KEY_A 0;0 0;0
1061 KEY_B 0;0 0;0
1062 KEY_A 0;0 0;0
1063 KEY_B 0;0 0;0
1064 KEY_A 0;0 0;0
1065 KEY_B 0;0 0;0
1066 KEY_A 0;0 0;0
1067 KEY_B 0;0 0;0
1068 KEY_A 0;0 0;0
1069 KEY_B 0;0 0;0
1070 KEY_A 0;0 0;0
1071 KEY_B 0;0 0;0
1072 KEY_A 0;0 0;0
1073 KEY_B 0;0 0;0
1074 KEY_A 0;0 0;0
1075 KEY_B 0;0 0;0
1076 KEY_A 0;0 0;0
1077 KEY_B 0;0 0;0
1078 KEY_A 0;0 0;0
1079 KEY_B 0;0 0;0
1080 KEY_A 0;0 0;0
1081 KEY_B 0;0 0;0
1082 KEY_A 0;0 0;0
1083 KEY_B 0;0 0;0
1084 KEY_A 0;0 0;0
1085 KEY_B 0;0 0;0
1086 KEY_A 0;0 0;0
1087 KEY_B 0;0 0;0
1088 KEY_A 0;0 0;0
1089 KEY_B 0;0 0;0
1090 KEY_A 0;0 0;0
1091 KEY_B 0;0 0;0
1092 KEY_A 0;0 0;0
1093 KEY_B 0;0 0;0
1094 KEY_A 0;0 0;0
1095 KEY_B 0;0 0;0
1096 KEY_A 0;0 0;0
1097 KEY_B 0;0 0;0
1098 KEY_A 0;0 0;0
1099 KEY_B 0;0 0;0
1100 KEY_A 0;0 0;0
1101 KEY_B 0;0 0;0
1102 KEY_A 0;0 0;0
1103 KEY_B 0;0 0;0
1104 KEY_A 0;0 0;0
1105 KEY_B 0;0 0;0
1106 KEY_A 0;0 0;0
1107 KEY_B 0;0 0;0
1108 KEY_A 0;0 0;0
1109 KEY_B 0;0 0;0
1110 KEY_A 0;0 0;0
1111 KEY_B 0;0 0;0
1112 KEY_A 0;0 0;0
1113 KEY_B 0;0 0;0
1114 KEY_A 0;0 0;0
1115 KEY_B 0;0 0;0
1116 KEY_A 0;0 0;0
1117 KEY_B 0;0 0;0
1118 KEY_A 0;0 0;0
1119 KEY_B 0;0 0;0
1120 KEY_A 0;0 0;0
1121 KEY_B 0;0 0;0
1122 KEY_A 0;0 0;0
1123 KEY_A 0;0 0;0
1124 KEY_B 0;0 0;0
1125 KEY_A 0;0 0;0
1126 KEY_B 0;0 0;0
1127 KEY_A 0;0 0;0
1128 KEY_B 0;0 0;0
1129 KEY_A 0;0 0;0
1130 KEY_B 0;0 0;0
1131 KEY_A 0;0 0;0
1132 KEY_B 0;0 0;0
1133 KEY_A 0;0 0;0
1134 KEY_B 0;0 0;0
1135 KEY_A 0;0 0;0
1136 KEY_B 0;0 0;0
1137 KEY_A 0;0 0;0
1138 KEY_B 0;0 0;0
1139 KEY_A 0;0 0;0
1140 KEY_B 0;0 0;0
1141 KEY_A 0;0 0;0
1142 KEY_B -24862;21342 0;6838
1143 KEY_B -24862;21342 0;-4273
1144 KEY_X -24777;21441 0;-4273
1145 NONE -24777;21441 0;-4273
1146 KEY_A;KEY_ZL -24777;21441 0;-4273
1147 KEY_B 25084;21081 0;0
1148 KEY_B 25084;21081 0;0
1149 KEY_B 25084;21081 0;0
1150 KEY_B 25084;21081 0;0
1151 KEY_B 25084;21081 0;0
1152 KEY_B 25084;21081 0;0
1153 KEY_B 25084;21081 0;0
1154 KEY_B 25084;21081 0;0
1155 KEY_B 25084;21081 0;0
1156 KEY_B 25084;21081 0;0
1157 KEY_B 25084;21081 0;0
1158 KEY_B 25084;21081 0;0
1159 KEY_B 25084;21081 0;0
1160 KEY_B 25084;21081 0;0
1161 KEY_B 25084;21081 0;0
1162 KEY_B 25084;21081 0;0
1163 KEY_B 25084;21081 0;0
1164 KEY_B 25084;21081 0;0
1165 KEY_B 25084;21081 0;0
1166 KEY_B 25084;21081 0;0
1167 KEY_B 25084;21081 0;0
1168 KEY_B 25084;21081 0;0
1169 KEY_B 25084;21081 0;0
1170 KEY_B 25084;21081 0;0
1171 KEY_B 25084;21081 0;0
1172 KEY_B 25084;21081 0;0
1173 KEY_B 25084;21081 0;0
1174 KEY_B 25084;21081 0;0
1175 KEY_B 25084;21081 0;0
1176 KEY_B 25084;21081 0;0
1177 KEY_B 25084;21081 0;0
1178 KEY_B 25084;21081 0;0
1179 KEY_B 25084;21081 0;0
1180 KEY_B 25084;21081 0;0
1181 KEY_B 25084;21081 0;0
1182 KEY_B 25084;21081 0;0
1183 KEY_B 25084;21081 0;0
1184 KEY_B 25084;21081 0;0
1185 KEY_B 25084;21081 -13676;0
1186 KEY_B 25084;21081 -13676;0
1187 KEY_B 25084;21081 -13676;0
1188 KEY_B 25084;21081 -22224;0
1189 KEY_B 25084;21081 -32767;0
1190 KEY_B 25084;21081 0;0
1191 KEY_B 25084;21081 0;0
1192 KEY_B 0;32767 0;0
1193 KEY_B 0;32767 0;0
1194 KEY_B 0;32767 0;0
1195 KEY_B 0;32767 0;0
1196 KEY_B 0;32767 0;0
1197 KEY_B 0;32767 0;0
1198 KEY_B 0;32767 0;0
1199 KEY_B 0;32767 0;0
1200 KEY_B 0;32767 0;0
1201 KEY_B 0;32767 0;0
1202 KEY_B 0;32767 0;0
1203 KEY_B 0;32767 0;0
1204 KEY_B 0;32767 0;0
1205 KEY_B 0;32767 0;0
1206 KEY_B;KEY_X 0;32767 0;0
1221 KEY_ZL 0;0 0;0
1222 KEY_A;KEY_ZL;KEY_DLEFT 0;0 0;0
1223 KEY_ZL;KEY_L;KEY_DLEFT 0;0 0;0
1224 KEY_ZL;KEY_L;KEY_DLEFT 0;0 0;0
1225 KEY_ZL 0;0 0;0
1226 KEY_ZL 0;0 0;0
1227 KEY_ZL 0;0 0;0
1228 KEY_ZL 0;0 0;0
1229 KEY_ZL;KEY_DLEFT 0;0 0;0
1230 KEY_ZL;KEY_R;KEY_DLEFT 0;0 0;0
1231 KEY_A;KEY_ZL;KEY_R;KEY_DLEFT 0;0 0;0
1232 KEY_A;KEY_ZL 0;0 0;0
1233 KEY_A;KEY_ZL 0;0 0;0
1234 KEY_A;KEY_ZL 0;0 0;0
1235 KEY_A;KEY_ZL 0;0 0;0
1236 KEY_A;KEY_ZL 0;0 0;0
1237 KEY_B 3647;32563 0;0
1238 KEY_B 3647;32563 0;0
1239 KEY_B 3647;32563 0;0
1240 KEY_B 3647;32563 0;0
1241 KEY_B 3647;32563 0;0
1242 KEY_B 3647;32563 0;0
1243 KEY_DUP 3647;32563 0;0
1244 KEY_L;KEY_DUP 3647;32563 0;0
1245 KEY_ZL;KEY_DUP 3647;32563 0;0
1246 KEY_L;KEY_DUP 3647;32563 0;0
1247 KEY_B 3647;32563 0;0
1248 KEY_B 0;32767 32482;284
1249 KEY_B -1897;32712 32482;284
1250 KEY_B -3787;32547 32482;284
1251 KEY_B -5666;32273 32482;284
1252 KEY_B -7525;31891 32482;284
1253 KEY_B -9358;31401 32482;284
1254 KEY_B -11161;30807 32482;284
1255 KEY_B -12926;30109 32482;284
1256 KEY_B -14648;29310 32482;284
1257 KEY_B -16320;28413 32482;284
1258 KEY_B -17938;27420 32482;284
1259 KEY_B -19495;26336 32482;284
1260 KEY_B -20987;25163 32482;284
1261 KEY_B -22409;23905 32482;284
1262 KEY_B -23756;22568 32482;284
1263 KEY_B -25022;21154 32482;284
1264 KEY_B -26205;19670 32482;284
1265 KEY_B -27300;18120 32482;284
1266 KEY_B -28303;16509 32482;284
1267 KEY_B -29212;14842 32482;284
1268 KEY_B -30022;13126 32482;284
1269 KEY_B -30732;11366 32482;284
1270 KEY_B -32719;1763 284;-16241
1271 KEY_B -32719;1763 -569;0
1272 KEY_ZL;KEY_R -23721;-22604 284;-16241
1273 KEY_ZL;KEY_R -21362;-24845 -16868;0
1274 KEY_ZL;KEY_R -21362;-24845 0;0
1275 KEY_ZL;KEY_R -21362;-24845 284;-16241
1276 KEY_ZL;KEY_R -23821;-22498 0;0
1277 KEY_ZL;KEY_R -23821;-22498 0;0
1278 KEY_ZL;KEY_R -23821;-22498 0;0
1279 KEY_ZL;KEY_R -23821;-22498 0;0
1280 KEY_ZL;KEY_R -23821;-22498 0;0
1281 KEY_ZL;KEY_R -23821;-22498 0;0
1282 KEY_ZL;KEY_R -23821;-22498 0;0
1283 KEY_ZL;KEY_R -23821;-22498 0;0
1284 KEY_ZL;KEY_R -21362;-24845 -32767;0
1285 KEY_ZL;KEY_R -21362;-24845 -32766;-233
1286 KEY_ZL;KEY_R -21362;-24845 284;-16241
1287 KEY_B;KEY_ZL;KEY_R -21362;-24845 284;-16241
1288 KEY_ZL 0;32767 284;-16241
1289 KEY_ZL 0;32767 284;-16241
1290 KEY_X;KEY_ZL 0;32767 284;-16241
1293 KEY_L 0;0 0;0
1296 KEY_DUP 0;0 0;0
1297 KEY_R;KEY_DUP 0;0 0;0
1298 KEY_R;KEY_DUP 0;0 0;0
1309 KEY_L 0;0 0;0
1310 KEY_ZR 0;0 0;0
1312 KEY_DUP 0;0 0;0
1313 KEY_ZL;KEY_DUP 0;0 0;0
1314 KEY_ZL;KEY_DUP 0;0 0;0
1319 KEY_L 0;0 0;0
1337 NONE 0;0 0;-32767
1338 NONE 0;0 0;-32767
1339 NONE 0;0 0;-32767
1340 NONE 0;0 0;-32767
1341 NONE 0;0 0;-32767
1342 NONE 0;0 0;-32767
1343 NONE 0;0 0;-32767
1344 NONE 0;0 0;-32767
1345 NONE 0;0 0;-32767
1346 NONE 0;0 0;-32767
1347 NONE 0;0 0;-32767
1348 NONE 0;0 0;-32767
1349 NONE 0;0 0;-32767
1350 NONE 0;0 0;-32767
1351 NONE 0;0 0;-32767
1361 KEY_A 13436;29885 0;0
1362 NONE 8237;31714 0;0
1363 KEY_A 8237;31714 0;0
1364 NONE 8237;31714 0;0
1365 KEY_A 8237;31714 0;0
1366 NONE 8237;31714 0;0
1367 KEY_A 8237;31714 0;0
1368 NONE 8237;31714 0;0
1369 KEY_A 8237;31714 0;0
1370 NONE 8237;31714 0;0
1371 KEY_A 8237;31714 0;0
1372 NONE 8237;31714 0;0
1373 KEY_A 8237;31714 0;0
1374 NONE 8237;31714 0;0
1375 KEY_A 8237;31714 0;0
1376 NONE 8237;31714 0;0
1377 KEY_A 8237;31714 0;0
1378 NONE 8237;31714 0;0
1379 KEY_A 8237;31714 0;0
1380 NONE 8237;31714 0;0
1381 KEY_A 8237;31714 0;0
1382 NONE 8237;31714 0;0
1383 KEY_A 8237;31714 0;0
1384 NONE 8237;31714 0;0
1385 KEY_A 8237;31714 0;0
1386 NONE 8237;31714 0;0
1387 KEY_A 8237;31714 0;0
1388 NONE 8237;31714 0;0
1389 KEY_A 8237;31714 0;0
1390 NONE 8237;31714 0;0
1391 KEY_A 8237;31714 0;0
1392 NONE 8237;31714 0;0
1393 KEY_A 8237;31714 0;0
1394 NONE 8237;31714 0;0
1395 KEY_A 8237;31714 0;0
1396 NONE 8237;31714 0;0
1397 KEY_A 8237;31714 0;0
1398 NONE 8237;31714 0;0
1399 KEY_A 8237;31714 0;0
1400 NONE 8237;31714 0;0
1401 KEY_A 8237;31714 0;0
1402 NONE 8237;31714 0;0
1403 KEY_A 8237;31714 0;0
1404 NONE 8237;31714 0;0
1405 KEY_A 8237;31714 0;0
1406 NONE 8237;31714 0;0
1407 KEY_A 8237;31714 0;0
1408 NONE 8237;31714 0;0
1409 KEY_A 8237;31714 0;0
1410 NONE 8237;31714 0;0
1411 KEY_A 8237;31714 0;0
1412 NONE 8237;31714 0;0
1413 KEY_A 8237;31714 0;0
1414 NONE 8237;31714 0;0
1415 KEY_A 8237;31714 0;0
1416 NONE 8237;31714 0;0
1417 KEY_A 8237;31714 0;0
1418 NONE 8237;31714 0;0
1419 KEY_A 8237;31714 0;0
1420 NONE 8237;31714 0;0
1421 KEY_A 8237;31714 0;0
1422 NONE 8237;31714 0;0
1423 KEY_A 8237;31714 0;0
1424 NONE 8237;31714 0;0
1425 KEY_A 8237;31714 0;0
1426 NONE 8237;31714 0;0
1427 KEY_A 8237;31714 0;0
1428 NONE 8237;31714 0;0
1429 KEY_A 8237;31714 0;0
1430 NONE 8237;31714 0;0
1431 KEY_A 8237;31714 0;0
1432 NONE 8237;31714 0;0
1433 KEY_A 8237;31714 0;0
1434 NONE 8237;31714 0;0
1435 KEY_A 8237;31714 0;0
1436 NONE 8237;31714 0;0
1437 KEY_A 8237;31714 0;0
1438 NONE 8237;31714 0;0
1439 KEY_A 8237;31714 0;0
1440 NONE 8237;31714 0;0
1441 KEY_A 8237;31714 0;0
1442 NONE 8237;31714 0;0
1443 KEY_A 8237;31714 0;0
1444 NONE 8237;31714 0;0
1445 KEY_A 8237;31714 0;0
1446 NONE 8237;31714 0;0
1447 KEY_A 8237;31714 0;0
1448 NONE 8237;31714 0;0
1449 KEY_A 8237;31714 0;0
1450 NONE 8237;31714 0;0
1451 KEY_A 8237;31714 0;0
1452 NONE 8237;31714 0;0
1453 KEY_A 8237;31714 0;0
1454 NONE 8237;31714 0;0
1455 KEY_A 8237;31714 0;0
1456 NONE 8237;31714 0;0
1457 KEY_A 8237;31714 0;0
1458 NONE 8237;31714 0;0
1459 KEY_A 8237;31714 0;0
1460 NONE 8237;31714 0;0
1461 KEY_A 8237;31714 0;0
1462 NONE 8237;31714 0;0
1463 KEY_A 8237;31714 0;0
1464 NONE 8237;31714 0;0
1465 KEY_A 8237;31714 0;0
1466 NONE 8237;31714 0;0
1467 KEY_A 8237;31714 0;0
1468 NONE 8237;31714 0;0
1469 KEY_A 8237;31714 0;0
1470 NONE 8237;31714 0;0
1471 KEY_A 8237;31714 0;0
1472 NONE 8237;31714 0;0
1473 KEY_A 8237;31714 0;0
1474 NONE 8237;31714 0;0
1475 KEY_A 8237;31714 0;0
1476 NONE 8237;31714 0;0
1477 KEY_A 8237;31714 0;0
1478 NONE 8237;31714 0;0
1479 KEY_A 8237;31714 0;0
1480 NONE 8237;31714 0;0
1481 KEY_A 8237;31714 0;0
1482 NONE 8237;31714 0;0
1483 KEY_A 8237;31714 0;0
1484 NONE 8237;31714 0;0
1485 KEY_A 8237;31714 0;0
1486 NONE 8237;31714 0;0
1487 KEY_A 8237;31714 0;0
1488 NONE 8237;31714 0;0
1489 KEY_A 8237;31714 0;0
1490 NONE 8237;31714 0;0
1491 KEY_A 8237;31714 0;0
1492 NONE 8237;31714 0;0
1493 KEY_A 8237;31714 0;0
1494 NONE 8237;31714 0;0
1495 KEY_A 8237;31714 0;0
1496 NONE 8237;31714 0;0
1497 KEY_A 8237;31714 0;0
1498 NONE 8237;31714 0;0
1499 KEY_A 8237;31714 0;0
1500 NONE 8237;31714 0;0
1501 KEY_A 8237;31714 0;0
1502 NONE 8237;31714 0;0
1503 KEY_A 8237;31714 0;0
1504 NONE 8237;31714 0;0
1505 KEY_A 8237;31714 0;0
1506 NONE 8237;31714 0;0
1507 KEY_A 8237;31714 0;0
1508 NONE 8237;31714 0;0
1509 KEY_A 8237;31714 0;0
1510 NONE 8237;31714 0;0
1511 KEY_A 8237;31714 0;0
1512 NONE 8237;31714 0;0
1513 KEY_A 8237;31714 0;0
1514 NONE 8237;31714 0;0
1515 KEY_A 8237;31714 0;0
1516 NONE 8237;31714 0;0
1517 KEY_A 8237;31714 0;0
1518 NONE 8237;31714 0;0
1519 KEY_A 8237;31714 0;0
1520 NONE 8237;31714 0;0
1521 KEY_A 8237;31714 0;0
1522 NONE 8237;31714 0;0
1523 KEY_A 8237;31714 0;0
1524 NONE 8237;31714 0;0
1525 KEY_A 8237;31714 0;0
1526 NONE 8237;31714 0;0
1527 KEY_A 8237;31714 0;0
1528 NONE 8237;31714 0;0
1529 KEY_A 8237;31714 0;0
1530 NONE 8237;31714 0;0
1531 KEY_A 8237;31714 0;0
1532 NONE 8237;31714 0;0
1533 KEY_A 8237;31714 0;0
1534 NONE 8237;31714 0;0
1535 KEY_A 8237;31714 0;0
1536 NONE 8237;31714 0;0
1537 KEY_A 8237;31714 0;0
1538 NONE 8237;31714 0;0
1539 KEY_A 8237;31714 0;0
1540 NONE 8237;31714 0;0
1541 KEY_A 8237;31714 0;0
1542 NONE 8237;31714 0;0
1543 KEY_A 8237;31714 0;0
1544 NONE 8237;31714 0;0
1545 KEY_A 8237;31714 0;0
1546 NONE 8237;31714 0;0
1547 KEY_A 8237;31714 0;0
1548 NONE 8237;31714 0;0
1549 KEY_A 8237;31714 0;0
1550 NONE 8237;31714 0;0
1551 KEY_A 8237;31714 0;0
1552 NONE 8237;31714 0;0
1553 KEY_A 8237;31714 0;0
1554 NONE 8237;31714 0;0
1555 KEY_A 8237;31714 0;0
1556 NONE 8237;31714 0;0
1557 KEY_A 8237;31714 0;0
1558 NONE 8237;31714 0;0
1559 KEY_A 8237;31714 0;0
1560 NONE 8237;31714 0;0
1561 KEY_A 8237;31714 0;0
1562 NONE 8237;31714 0;0
1563 KEY_A 8237;31714 0;0
1564 NONE 8237;31714 0;0
1565 KEY_A 8237;31714 0;0
1566 NONE 8237;31714 0;0
1567 KEY_A 8237;31714 0;0
1568 NONE 8237;31714 0;0
1569 KEY_A 8237;31714 0;0
1570 NONE 8237;31714 0;0
1571 KEY_A 8237;31714 0;0
1572 NONE 8237;31714 0;0
1573 KEY_A 8237;31714 0;0
1574 NONE 8237;31714 0;0
1575 KEY_A 8237;31714 0;0
1576 NONE 8237;31714 0;0
1577 KEY_A 8237;31714 0;0
1578 NONE 8237;31714 0;0
1579 KEY_A 8237;31714 0;0
1580 NONE 8237;31714 0;0
1581 KEY_A 8237;31714 0;0
1582 NONE 8237;31714 0;0
1583 KEY_A 8237;31714 0;0
1584 NONE 8237;31714 0;0
1585 KEY_A 8237;31714 0;0
1586 NONE 8237;31714 0;0
1587 KEY_A 8237;31714 0;0
1588 NONE 8237;31714 0;0
1589 KEY_A 8237;31714 0;0
1590 NONE 8237;31714 0;0
1591 KEY_A 8237;31714 0;0
1592 NONE 8237;31714 0;0
1593 KEY_A 8237;31714 0;0
1594 NONE 8237;31714 0;0
1595 KEY_A 8237;31714 0;0
1596 NONE 8237;31714 0;0
1597 KEY_A 8237;31714 0;0
1598 NONE 8237;31714 0;0
1599 KEY_A 8237;31714 0;0
1600 NONE 8237;31714 0;0
1601 KEY_A 8237;31714 0;0
1602 NONE 8237;31714 0;0
1603 KEY_A 8237;31714 0;0
1604 NONE 8237;31714 0;0
1605 KEY_A 8237;31714 0;0
1606 NONE 8237;31714 0;0
1607 KEY_A 8237;31714 0;0
1608 NONE 8237;31714 0;0
1609 KEY_A 8237;31714 0;0
1610 NONE 8237;31714 0;0
1611 KEY_A 8237;31714 0;0
1612 NONE 8237;31714 0;0
1613 KEY_A 8237;31714 0;0
1614 NONE 8237;31714 0;0
1615 KEY_A 8237;31714 0;0
1616 NONE 8237;31714 0;0
1617 KEY_A 8237;31714 0;0
1618 NONE 8237;31714 0;0
1619 KEY_A 8237;31714 0;0
1620 NONE 8237;31714 0;0
1621 KEY_A 8237;31714 0;0
1622 NONE 8237;31714 0;0
1623 KEY_A 8237;31714 0;0
1624 NONE 8237;31714 0;0
1625 KEY_A 8237;31714 0;0
1626 NONE 8237;31714 0;0
1627 KEY_A 8237;31714 0;0
1628 NONE 8237;31714 0;0
1629 KEY_A 8237;31714 0;0
1630 NONE 8237;31714 0;0
1631 KEY_A 8237;31714 0;0
1632 NONE 8237;31714 0;0
1633 KEY_A 8237;31714 0;0
1634 NONE 8237;31714 0;0
1635 KEY_A 8237;31714 0;0
1636 NONE 8237;31714 0;0
1637 KEY_A 8237;31714 0;0
1638 NONE 8237;31714 0;0
1639 KEY_A 8237;31714 0;0
1640 NONE 8237;31714 0;0
1641 KEY_A 8237;31714 0;0
1642 NONE 8237;31714 0;0
1643 KEY_A 8237;31714 0;0
1644 NONE 8237;31714 0;0
1645 KEY_A 8237;31714 0;0
1646 NONE 8237;31714 0;0
1647 KEY_A 8237;31714 0;0
1648 NONE 8237;31714 0;0
1649 KEY_A 8237;31714 0;0
1650 NONE 8237;31714 0;0
1651 KEY_A 8237;31714 0;0
1652 NONE 8237;31714 0;0
1653 KEY_A 8237;31714 0;0
1654 NONE 8237;31714 0;0
1655 KEY_A 8237;31714 0;0
1656 NONE 8237;31714 0;0
1657 KEY_A 8237;31714 0;0
1658 NONE 8237;31714 0;0
1659 KEY_A 8237;31714 0;0
1660 NONE 8237;31714 0;0
1661 KEY_A 8237;31714 0;0
1662 NONE 8237;31714 0;0
1663 KEY_A 8237;31714 0;0
1664 NONE 8237;31714 0;0
1665 KEY_A 8237;31714 0;0
1666 NONE 8237;31714 0;0
1667 KEY_A 8237;31714 0;0
1668 NONE 8237;31714 0;0
1669 KEY_A 8237;31714 0;0
1670 NONE 8237;31714 0;0
1671 KEY_A 8237;31714 0;0
1672 NONE 8237;31714 0;0
1673 KEY_A 8237;31714 0;0
1674 NONE 8237;31714 0;0
1675 KEY_A 8237;31714 0;0
1676 NONE 8237;31714 0;0
1677 KEY_A 8237;31714 0;0
1678 NONE 8237;31714 0;0
1679 KEY_A 8237;31714 0;0
1680 NONE 8237;31714 0;0
1681 KEY_A 8237;31714 0;0
1682 NONE 8237;31714 0;0
1683 KEY_A 8237;31714 0;0
1684 NONE 8237;31714 0;0
1685 KEY_A 8237;31714 0;0
1686 NONE 8237;31714 0;0
1687 KEY_A 8237;31714 0;0
1688 NONE 8237;31714 0;0
1689 KEY_A 8237;31714 0;0
1690 NONE 8237;31714 0;0
1691 KEY_A 8237;31714 0;0
1692 NONE 8237;31714 0;0
1693 KEY_A 8237;31714 0;0
1694 NONE 8237;31714 0;0
1695 KEY_A 8237;31714 0;0
1696 NONE 8237;31714 0;0
1697 KEY_A 8237;31714 0;0
1698 NONE 8237;31714 0;0
1699 KEY_A 8237;31714 0;0
1700 NONE 8237;31714 0;0
1701 KEY_A 8237;31714 0;0
1702 NONE 8237;31714 0;0
1703 KEY_A 8237;31714 0;0
1704 NONE 8237;31714 0;0
1705 KEY_A 8237;31714 0;0
1706 NONE 8237;31714 0;0
1707 KEY_A 8237;31714 0;0
1708 NONE 8237;31714 0;0
1709 KEY_A 8237;31714 0;0
1710 NONE 8237;31714 0;0
1711 KEY_A 8237;31714 0;0
1712 NONE 8237;31714 0;0
1713 KEY_A 8237;31714 0;0
1714 NONE 8237;31714 0;0
1715 KEY_A 8237;31714 0;0
1716 NONE 8237;31714 0;0
1717 KEY_A 8237;31714 0;0
1718 NONE 8237;31714 0;0
1719 KEY_A 8237;31714 0;0
1720 NONE 8237;31714 0;0
1721 KEY_A 8237;31714 0;0
1722 NONE 8237;31714 0;0
1723 KEY_A 8237;31714 0;0
1724 NONE 8237;31714 0;0
1725 KEY_A 8237;31714 0;0
1726 NONE 8237;31714 0;0
1727 KEY_A 8237;31714 0;0
1728 NONE 8237;31714 0;0
1729 KEY_A 8237;31714 0;0
1730 NONE 8237;31714 0;0
1731 KEY_A 8237;31714 0;0
1732 NONE 8237;31714 0;0
1733 KEY_A 8237;31714 0;0
1734 NONE 8237;31714 0;0
1735 KEY_A 8237;31714 0;0
1736 NONE 8237;31714 0;0
1737 KEY_A 8237;31714 0;0
1738 NONE 8237;31714 0;0
1739 KEY_A 8237;31714 0;0
1740 NONE 8237;31714 0;0
1741 KEY_A 8237;31714 0;0
1742 NONE 8237;31714 0;0
1743 KEY_A 8237;31714 0;0
1744 NONE 8237;31714 0;0
1745 KEY_A 8237;31714 0;0
1746 NONE 8237;31714 0;0
1747 KEY_A 8237;31714 0;0
1748 NONE 8237;31714 0;0
1749 KEY_A 8237;31714 0;0
1750 NONE 8237;31714 0;0
1751 KEY_A 8237;31714 0;0
1752 NONE 8237;31714 0;0
1753 KEY_A 8237;31714 0;0
1754 NONE 8237;31714 0;0
1755 KEY_A 8237;31714 0;0
1756 NONE 8237;31714 0;0
1757 KEY_A 8237;31714 0;0
1758 NONE 8237;31714 0;0
1759 KEY_A 8237;31714 0;0
1760 NONE 8237;31714 0;0
1761 KEY_A 8237;31714 0;0
1762 NONE 8237;31714 0;0
1763 KEY_A 8237;31714 0;0
1764 NONE 8237;31714 0;0
1765 KEY_A 8237;31714 0;0
1766 NONE 8237;31714 0;0
1767 KEY_A 8237;31714 0;0
1768 NONE 8237;31714 0;0
1769 KEY_A 8237;31714 0;0
1770 NONE 8237;31714 0;0
1771 KEY_A 8237;31714 0;0
1772 NONE 8237;31714 0;0
1773 KEY_A 8237;31714 0;0
1774 NONE 8237;31714 0;0
1775 KEY_A 8237;31714 0;0
1776 NONE 8237;31714 0;0
1777 KEY_A 8237;31714 0;0
1778 NONE 8237;31714 0;0
1779 KEY_A 8237;31714 0;0
1780 NONE 8237;31714 0;0
1781 KEY_A 8237;31714 0;0
1782 NONE 8237;31714 0;0
1783 KEY_A 8237;31714 0;0
1784 NONE 8237;31714 0;0
1785 KEY_A 8237;31714 0;0
1786 NONE 8237;31714 0;0
1787 KEY_A 8237;31714 0;0
1788 NONE 8237;31714 0;0
1789 KEY_A 8237;31714 0;0
1790 NONE 8237;31714 0;0
1791 KEY_A 8237;31714 0;0
1792 NONE 8237;31714 0;0
1793 KEY_A 8237;31714 0;0
1794 NONE 8237;31714 0;0
1795 KEY_A 8237;31714 0;0
1796 NONE 8237;31714 0;0
1797 KEY_A 8237;31714 0;0
1798 NONE 8237;31714 0;0
1799 KEY_A 8237;31714 0;0
1800 NONE 8237;31714 0;0
1801 KEY_A 8237;31714 0;0
1802 NONE 8237;31714 0;0
1803 KEY_A 8237;31714 0;0
1804 NONE 8237;31714 0;0
1805 KEY_A 8237;31714 0;0
1806 NONE 8237;31714 0;0
1807 KEY_A 8237;31714 0;0
1808 NONE 8237;31714 0;0
1809 KEY_A 8237;31714 0;0
1810 NONE 8237;31714 0;0
1811 KEY_A 8237;31714 0;0
1812 NONE 8237;31714 0;0
1813 KEY_A 8237;31714 0;0
1814 NONE 8237;31714 0;0
1815 KEY_A 8237;31714 0;0
1816 NONE 8237;31714 0;0
1817 KEY_A 8237;31714 0;0
1818 NONE 8237;31714 0;0
1819 KEY_A 8237;31714 0;0
1820 NONE 8237;31714 0;0
1821 KEY_A 8237;31714 0;0
1822 NONE 8237;31714 0;0
1823 KEY_A 8237;31714 0;0
1824 NONE 8237;31714 0;0
1825 KEY_A 8237;31714 0;0
1826 NONE 8237;31714 0;0
1827 KEY_A 8237;31714 0;0
1828 NONE 8237;31714 0;0
1829 KEY_A 8237;31714 0;0
1830 NONE 8237;31714 0;0
1831 KEY_A 8237;31714 0;0
1832 NONE 8237;31714 0;0
1833 KEY_A 8237;31714 0;0
1834 NONE 8237;31714 0;0
1835 KEY_A 8237;31714 0;0
1836 NONE 8237;31714 0;0
1837 KEY_A 8237;31714 0;0
1838 NONE 8237;31714 0;0
1839 KEY_A 8237;31714 0;0
1840 NONE 8237;31714 0;0
1841 KEY_A 8237;31714 0;0
1842 NONE 8237;31714 0;0
1843 KEY_A 8237;31714 0;0
1844 NONE 8237;31714 0;0
1845 KEY_A 8237;31714 0;0
1846 NONE 8237;31714 0;0
1847 KEY_A 8237;31714 0;0
1848 NONE 8237;31714 0;0
1849 KEY_A 8237;31714 0;0
1850 NONE 8237;31714 0;0
1851 KEY_A 8237;31714 0;0
1852 NONE 8237;31714 0;0
1853 KEY_A 8237;31714 0;0
1854 NONE 8237;31714 0;0
1855 KEY_A 8237;31714 0;0
1856 NONE 8237;31714 0;0
1857 KEY_A 8237;31714 0;0
1858 NONE 8237;31714 0;0
1859 KEY_A 8237;31714 0;0
1860 NONE 8237;31714 0;0
1861 KEY_A 8237;31714 0;0
1862 NONE 8237;31714 0;0
1863 KEY_A 8237;31714 0;0
1864 NONE 8237;31714 0;0
1865 KEY_A 8237;31714 0;0
1866 NONE 8237;31714 0;0
1867 KEY_A 8237;31714 0;0
1868 NONE 8237;31714 0;0
1869 KEY_A 8237;31714 0;0
1870 NONE 8237;31714 0;0
1871 KEY_A 8237;31714 0;0
1872 NONE 8237;31714 0;0
1873 KEY_A 8237;31714 0;0
1874 NONE 8237;31714 0;0
1875 KEY_A 8237;31714 0;0
1876 NONE 8237;31714 0;0
1877 KEY_A 8237;31714 0;0
1878 NONE 8237;31714 0;0
1879 KEY_A 8237;31714 0;0
1880 NONE 8237;31714 0;0
1881 KEY_A 8237;31714 0;0
1882 NONE 8237;31714 0;0
1883 KEY_A 8237;31714 0;0
1884 NONE 8237;31714 0;0
1885 KEY_A 8237;31714 0;0
1886 NONE 8237;31714 0;0
1887 KEY_A 8237;31714 0;0
1888 NONE 8237;31714 0;0
1889 KEY_A 8237;31714 0;0
1890 NONE 8237;31714 0;0
1891 KEY_A 8237;31714 0;0
1892 NONE 8237;31714 0;0
1893 KEY_A 8237;31714 0;0
1894 NONE 8237;31714 0;0
1895 KEY_A 8237;31714 0;0
1896 NONE 8237;31714 0;0
1897 KEY_A 8237;31714 0;0
1898 NONE 8237;31714 0;0
1899 KEY_A 8237;31714 0;0
1900 NONE 8237;31714 0;0
1901 KEY_A 8237;31714 0;0
1902 NONE 8237;31714 0;0
1903 KEY_A 8237;31714 0;0
1904 NONE 8237;31714 0;0
1905 KEY_A 8237;31714 0;0
1906 NONE 8237;31714 0;0
1907 KEY_A 8237;31714 0;0
1908 NONE 8237;31714 0;0
1909 KEY_A 8237;31714 0;0
1910 NONE 8237;31714 0;0
1911 KEY_A 8237;31714 0;0
1912 NONE 8237;31714 0;0
1913 KEY_A 8237;31714 0;0
1914 NONE 8237;31714 0;0
1915 KEY_A 8237;31714 0;0
1916 NONE 8237;31714 0;0
1917 KEY_A 8237;31714 0;0
1918 NONE 8237;31714 0;0
1919 KEY_A 8237;31714 0;0
1920 NONE 8237;31714 0;0
1921 KEY_A 8237;31714 0;0
1922 NONE 8237;31714 0;0
1923 KEY_A 8237;31714 0;0
1924 NONE 8237;31714 0;0
1925 KEY_A 8237;31714 0;0
1926 NONE 8237;31714 0;0
1927 KEY_A 8237;31714 0;0
1928 NONE 8237;31714 0;0
1929 KEY_A 8237;31714 0;0
1930 NONE 8237;31714 0;0
1931 KEY_A 8237;31714 0;0
1932 NONE 8237;31714 0;0
1933 KEY_A 8237;31714 0;0
1934 NONE 8237;31714 0;0
1935 KEY_A 8237;31714 0;0
1936 NONE 8237;31714 0;0
1937 KEY_A 8237;31714 0;0
1938 NONE 8237;31714 0;0
1939 KEY_A 8237;31714 0;0
1940 NONE 8237;31714 0;0
1941 KEY_A 8237;31714 0;0
1942 NONE 8237;31714 0;0
1943 KEY_A 8237;31714 0;0
1944 NONE 8237;31714 0;0
1945 KEY_A 8237;31714 0;0
1946 NONE 8237;31714 0;0
1947 KEY_A 8237;31714 0;0
1948 NONE 8237;31714 0;0
1949 KEY_A 8237;31714 0;0
1950 NONE 8237;31714 0;0
1951 KEY_A 8237;31714 0;0
1952 NONE 8237;31714 0;0
1953 KEY_A 8237;31714 0;0
1954 NONE 8237;31714 0;0
1955 KEY_A 8237;31714 0;0
1956 NONE 8237;31714 0;0
1957 KEY_A 8237;31714 0;0
1958 NONE 8237;31714 0;0
1959 KEY_A 8237;31714 0;0
1960 NONE 8237;31714 0;0
1961 KEY_A 8237;31714 0;0
1962 NONE 8237;31714 0;0
1963 KEY_A 8237;31714 0;0
1964 NONE 8237;31714 0;0
1965 KEY_A 8237;31714 0;0
1966 NONE 8237;31714 0;0
1967 KEY_A 8237;31714 0;0
1968 NONE 8237;31714 0;0
1969 KEY_A 8237;31714 0;0
1970 NONE 8237;31714 0;0
1971 KEY_A 8237;31714 0;0
1972 NONE 8237;31714 0;0
1973 KEY_A 8237;31714 0;0
1974 NONE 8237;31714 0;0
1975 KEY_A 8237;31714 0;0
1976 NONE 8237;31714 0;0
1977 KEY_A 8237;31714 0;0
1978 NONE 8237;31714 0;0
1979 KEY_A 8237;31714 0;0
1980 NONE 8237;31714 0;0
1981 KEY_A 8237;31714 0;0
1982 NONE 8237;31714 0;0
1983 KEY_A 8237;31714 0;0
1984 NONE 8237;31714 0;0
1985 KEY_A 8237;31714 0;0
1986 NONE 8237;31714 0;0
1987 KEY_A 8237;31714 0;0
1988 NONE 8237;31714 0;0
1989 KEY_A 8237;31714 0;0
1990 NONE 8237;31714 0;0
1991 KEY_A 8237;31714 0;0
1992 NONE 8237;31714 0;0
1993 KEY_A 8237;31714 0;0
1994 NONE 8237;31714 0;0
1995 KEY_A 8237;31714 0;0
1996 NONE 8237;31714 0;0
1997 KEY_A 8237;31714 0;0
1998 NONE 8237;31714 0;0
1999 KEY_A 8237;31714 0;0
2000 NONE 8237;31714 0;0
2001 KEY_A 8237;31714 0;0
2002 NONE 8237;31714 0;0
2003 KEY_A 8237;31714 0;0
2004 NONE 8237;31714 0;0
2005 KEY_A 8237;31714 0;0
2006 NONE 8237;31714 0;0
2007 KEY_A 8237;31714 0;0
2008 NONE 8237;31714 0;0
2009 KEY_A 8237;31714 0;0
2010 NONE 8237;31714 0;0
2011 KEY_A 8237;31714 0;0
2012 NONE 8237;31714 0;0
2013 KEY_A 8237;31714 0;0
2014 NONE 8237;31714 0;0
2015 KEY_A 8237;31714 0;0
2016 NONE 8237;31714 0;0
2017 KEY_A 8237;31714 0;0
2018 NONE 8237;31714 0;0
2019 KEY_A 8237;31714 0;0
2020 NONE 8237;31714 0;0
2021 KEY_A 8237;31714 0;0
2022 NONE 8237;31714 0;0
2023 KEY_A 8237;31714 0;0
2024 NONE 8237;31714 0;0
2025 KEY_A 8237;31714 0;0
2026 NONE 8237;31714 0;0
2027 KEY_A 8237;31714 0;0
2028 NONE 8237;31714 0;0
2029 KEY_A 8237;31714 0;0
2030 NONE 8237;31714 0;0
2031 KEY_A 8237;31714 0;0
2032 NONE 8237;31714 0;0
2033 KEY_A 8237;31714 0;0
2034 NONE 8237;31714 0;0
2035 KEY_A 8237;31714 0;0
2036 NONE 8237;31714 0;0
2037 KEY_A 8237;31714 0;0
2038 NONE 8237;31714 0;0
2039 KEY_A 8237;31714 0;0
2040 NONE 8237;31714 0;0
2041 KEY_A 8237;31714 0;0
2042 NONE 8237;31714 0;0
2043 KEY_A 8237;31714 0;0
2044 NONE 8237;31714 0;0
2045 KEY_A 8237;31714 0;0
2046 NONE 8237;31714 0;0
2047 KEY_A 8237;31714 0;0
2048 NONE 8237;31714 0;0
2049 KEY_A 8237;31714 0;0
2050 NONE 8237;31714 0;0
2051 KEY_A 8237;31714 0;0
2052 NONE 8237;31714 0;0
2053 KEY_A 8237;31714 0;0
2054 NONE 8237;31714 0;0
2055 KEY_A 8237;31714 0;0
2056 NONE 8237;31714 0;0
2057 KEY_A 8237;31714 0;0
2058 NONE 8237;31714 0;0
2059 KEY_A 8237;31714 0;0
2060 NONE 8237;31714 0;0
2061 KEY_A 8237;31714 0;0
2062 NONE 8237;31714 0;0
2063 KEY_A 8237;31714 0;0
2064 NONE 8237;31714 0;0
2065 KEY_A 8237;31714 0;0
2066 NONE 8237;31714 0;0
2067 KEY_A 8237;31714 0;0
2068 NONE 8237;31714 0;0
2069 KEY_A 8237;31714 0;0
2070 NONE 8237;31714 0;0
2071 KEY_A 8237;31714 0;0
2072 NONE 8237;31714 0;0
2073 KEY_A 8237;31714 0;0
2074 NONE 8237;31714 0;0
2075 KEY_A 8237;31714 0;0
2076 NONE 8237;31714 0;0
2077 KEY_A 8237;31714 0;0
2078 NONE 8237;31714 0;0
2079 KEY_A 8237;31714 0;0
2080 NONE 8237;31714 0;0
2081 KEY_A 8237;31714 0;0
2082 NONE 8237;31714 0;0
2083 KEY_A 8237;31714 0;0
2084 NONE 8237;31714 0;0
2085 KEY_A 8237;31714 0;0
2086 NONE 8237;31714 0;0
2087 KEY_A 8237;31714 0;0
2088 NONE 8237;31714 0;0
2089 KEY_A 8237;31714 0;0
2090 NONE 8237;31714 0;0
2091 KEY_A 8237;31714 0;0
2092 NONE 8237;31714 0;0
2093 KEY_A 8237;31714 0;0
2094 NONE 8237;31714 0;0
2095 KEY_A 8237;31714 0;0
2096 NONE 8237;31714 0;0
2097 KEY_A 8237;31714 0;0
2098 NONE 8237;31714 0;0
2099 KEY_A 8237;31714 0;0
2100 NONE 8237;31714 0;0
2101 KEY_A 8237;31714 0;0
2102 NONE 8237;31714 0;0
2103 KEY_A 8237;31714 0;0
2104 NONE 8237;31714 0;0
2105 KEY_A 8237;31714 0;0
2106 NONE 8237;31714 0;0
2107 KEY_A 8237;31714 0;0
2108 NONE 8237;31714 0;0
2109 KEY_A 8237;31714 0;0
2110 NONE 8237;31714 0;0
2111 KEY_A 8237;31714 0;0
2112 NONE 8237;31714 0;0
2113 KEY_A 8237;31714 0;0
2114 NONE 8237;31714 0;0
2115 KEY_A 8237;31714 0;0
2116 NONE 8237;31714 0;0
2117 KEY_A 8237;31714 0;0
2118 NONE 8237;31714 0;0
2119 KEY_A 8237;31714 0;0
2120 NONE 8237;31714 0;0
2121 KEY_A 8237;31714 0;0
2122 NONE 8237;31714 0;0
2123 KEY_A 8237;31714 0;0
2124 NONE 8237;31714 0;0
2125 KEY_A 8237;31714 0;0
2126 NONE 8237;31714 0;0
2127 KEY_A 8237;31714 0;0
2128 NONE 8237;31714 0;0
2129 KEY_A 8237;31714 0;0
2130 NONE 8237;31714 0;0
2131 KEY_A 8237;31714 0;0
2132 NONE 8237;31714 0;0
2133 KEY_A 8237;31714 0;0
2134 NONE 8237;31714 0;0
2135 KEY_A 8237;31714 0;0
2136 NONE 8237;31714 0;0
2137 KEY_A 8237;31714 0;0
2138 NONE 8237;31714 0;0
2139 KEY_A 8237;31714 0;0
2140 NONE 8237;31714 0;0
2141 KEY_A 8237;31714 0;0
2142 NONE 8237;31714 0;0
2143 KEY_A 8237;31714 0;0
2144 NONE 8237;31714 0;0
2145 KEY_A 8237;31714 0;0
2146 NONE 8237;31714 0;0
2147 KEY_A 8237;31714 0;0
2148 NONE 8237;31714 0;0
2149 KEY_A 8237;31714 0;0
2150 NONE 8237;31714 0;0
2151 KEY_A 8237;31714 0;0
2152 NONE 8237;31714 0;0
2153 KEY_A 8237;31714 0;0
2154 NONE 8237;31714 0;0
2155 KEY_A 8237;31714 0;0
2156 NONE 8237;31714 0;0
2157 KEY_A 8237;31714 0;0
2158 NONE 8237;31714 0;0
2159 KEY_A 8237;31714 0;0
2160 NONE 8237;31714 0;0
2161 KEY_A 8237;31714 0;0
2162 NONE 8237;31714 0;0
2163 KEY_A 8237;31714 0;0
2164 NONE 8237;31714 0;0
2165 KEY_A 8237;31714 0;0
2166 NONE 8237;31714 0;0
2167 KEY_A 8237;31714 0;0
2168 NONE 8237;31714 0;0
2169 KEY_A 8237;31714 0;0
2170 NONE 8237;31714 0;0
2171 KEY_A 8237;31714 0;0
2172 NONE 8237;31714 0;0
2173 KEY_A 8237;31714 0;0
2174 NONE 8237;31714 0;0
2175 KEY_A 8237;31714 0;0
2176 NONE 8237;31714 0;0
2177 KEY_A 8237;31714 0;0
2178 NONE 8237;31714 0;0
2179 KEY_A 8237;31714 0;0
2180 NONE 8237;31714 0;0
2181 KEY_A 8237;31714 0;0
2182 NONE 8237;31714 0;0
2183 KEY_A 8237;31714 0;0
2184 NONE 8237;31714 0;0
2185 KEY_A 8237;31714 0;0
2186 NONE 8237;31714 0;0
2187 KEY_A 8237;31714 0;0
2188 NONE 8237;31714 0;0
2189 KEY_A 8237;31714 0;0
2190 NONE 8237;31714 0;0
2191 KEY_A 8237;31714 0;0
2192 NONE 8237;31714 0;0
2193 KEY_A 8237;31714 0;0
2194 NONE 8237;31714 0;0
2195 KEY_A 8237;31714 0;0
2196 NONE 8237;31714 0;0
2197 KEY_A 8237;31714 0;0
2198 NONE 8237;31714 0;0
2199 KEY_A 8237;31714 0;0
2200 NONE 8237;31714 0;0
2201 KEY_A 8237;31714 0;0
2202 NONE 8237;31714 0;0
2203 KEY_A 8237;31714 0;0
2204 NONE 8237;31714 0;0
2205 KEY_A 8237;31714 0;0
2206 NONE 8237;31714 0;0
2207 KEY_A 8237;31714 0;0
2208 NONE 8237;31714 0;0
2209 KEY_A 8237;31714 0;0
2210 NONE 8237;31714 0;0
2211 KEY_A 8237;31714 0;0
2212 NONE 8237;31714 0;0
2213 KEY_A 8237;31714 0;0
2214 NONE 8237;31714 0;0
2215 KEY_A 8237;31714 0;0
2216 NONE 8237;31714 0;0
2217 KEY_A 8237;31714 0;0
2218 NONE 8237;31714 0;0
2219 KEY_A 8237;31714 0;0
2220 NONE 8237;31714 0;0
2221 KEY_A 8237;31714 0;0
2222 NONE 8237;31714 0;0
2223 KEY_A 8237;31714 0;0
2224 NONE 8237;31714 0;0
2225 KEY_A 8237;31714 0;0
2226 NONE 8237;31714 0;0
2227 KEY_A 8237;31714 0;0
2228 NONE 8237;31714 0;0
2229 KEY_A 8237;31714 0;0
2230 NONE 8237;31714 0;0
2231 KEY_A 8237;31714 0;0
2232 NONE 8237;31714 0;0
2233 KEY_A 8237;31714 0;0
2234 NONE 8237;31714 0;0
2235 KEY_A 8237;31714 0;0
2236 NONE 8237;31714 0;0
2237 KEY_A 8237;31714 0;0
2238 NONE 8237;31714 0;0
2239 KEY_A 8237;31714 0;0
2240 NONE 8237;31714 0;0
2241 KEY_A 8237;31714 0;0
2242 NONE 8237;31714 0;0
2243 KEY_A 8237;31714 0;0
2244 NONE 8237;31714 0;0
2245 KEY_A 8237;31714 0;0
2246 NONE 8237;31714 0;0
2247 KEY_A 8237;31714 0;0
2248 NONE 8237;31714 0;0
2249 KEY_A 8237;31714 0;0
2250 NONE 8237;31714 0;0
2251 KEY_A 8237;31714 0;0
2252 NONE 8237;31714 0;0
2253 KEY_A 8237;31714 0;0
2254 NONE 8237;31714 0;0
2255 KEY_A 8237;31714 0;0
2256 NONE 8237;31714 0;0
2257 KEY_A 8237;31714 0;0
2258 NONE 8237;31714 0;0
2259 KEY_A 8237;31714 0;0
2260 NONE 8237;31714 0;0
2261 KEY_A 8237;31714 0;0
2262 NONE 8237;31714 0;0
2263 KEY_A 8237;31714 0;0
2264 NONE 8237;31714 0;0
2265 KEY_A 8237;31714 0;0
2266 NONE 8237;31714 0;0
2267 KEY_A 8237;31714 0;0
2268 NONE 8237;31714 0;0
2269 KEY_A 8237;31714 0;0
2270 NONE 8237;31714 0;0
2271 KEY_A 8237;31714 0;0
2272 NONE 8237;31714 0;0
2273 KEY_A 8237;31714 0;0
2274 NONE 8237;31714 0;0
2275 KEY_A 8237;31714 0;0
2276 NONE 8237;31714 0;0
2277 KEY_A 8237;31714 0;0
2278 NONE 8237;31714 0;0
2279 KEY_A 8237;31714 0;0
2280 NONE 8237;31714 0;0
2281 KEY_A 8237;31714 0;0
2282 NONE 8237;31714 0;0
2283 KEY_A 8237;31714 0;0
2284 NONE 8237;31714 0;0
2285 KEY_A 8237;31714 0;0
2286 NONE 8237;31714 0;0
2287 KEY_A 8237;31714 0;0
2288 NONE 8237;31714 0;0
2289 KEY_A 8237;31714 0;0
2290 NONE 8237;31714 0;0
2291 KEY_A 8237;31714 0;0
2292 NONE 8237;31714 0;0
2293 KEY_A 8237;31714 0;0
2294 NONE 8237;31714 0;0
2295 KEY_A 8237;31714 0;0
2296 NONE 8237;31714 0;0
2297 KEY_A 8237;31714 0;0
2298 NONE 8237;31714 0;0
2299 KEY_A 8237;31714 0;0
2300 NONE 8237;31714 0;0
2301 KEY_A 8237;31714 0;0
2302 NONE 8237;31714 0;0
2303 KEY_A 8237;31714 0;0
2304 NONE 8237;31714 0;0
2305 KEY_A 8237;31714 0;0
2306 NONE 8237;31714 0;0
2307 KEY_A 8237;31714 0;0
2308 NONE 8237;31714 0;0
2309 KEY_A 8237;31714 0;0
2310 NONE 8237;31714 0;0
2311 KEY_A 8237;31714 0;0
2312 NONE 8237;31714 0;0
2313 KEY_A 8237;31714 0;0
2314 NONE 8237;31714 0;0
2315 KEY_A 8237;31714 0;0
2316 NONE 8237;31714 0;0
2317 KEY_A 8237;31714 0;0
2318 NONE 8237;31714 0;0
2319 KEY_A 8237;31714 0;0
2320 NONE 8237;31714 0;0
2321 KEY_A 8237;31714 0;0
2322 NONE 8237;31714 0;0
2323 KEY_A 8237;31714 0;0
2324 NONE 8237;31714 0;0
2325 KEY_A 8237;31714 0;0
2326 NONE 8237;31714 0;0
2327 KEY_A 8237;31714 0;0
2328 NONE 8237;31714 0;0
2329 KEY_A 8237;31714 0;0
2330 NONE 8237;31714 0;0
2331 KEY_A 8237;31714 0;0
2332 NONE 8237;31714 0;0
2333 KEY_A 8237;31714 0;0
2334 NONE 8237;31714 0;0
2335 KEY_A 8237;31714 0;0
2336 NONE 8237;31714 0;0
2337 KEY_A 8237;31714 0;0
2338 NONE 8237;31714 0;0
2339 KEY_A 8237;31714 0;0
2340 NONE 8237;31714 0;0
2341 KEY_A 8237;31714 0;0
2342 NONE 8237;31714 0;0
2343 KEY_A 8237;31714 0;0
2344 NONE 8237;31714 0;0
2345 KEY_A 8237;31714 0;0
2346 NONE 8237;31714 0;0
2347 KEY_A 8237;31714 0;0
2348 NONE 8237;31714 0;0
2349 KEY_A 8237;31714 0;0
2350 NONE 8237;31714 0;0
2351 KEY_A 8237;31714 0;0
2352 NONE 8237;31714 0;0
2353 KEY_A 8237;31714 0;0
2354 NONE 8237;31714 0;0
2355 KEY_A 8237;31714 0;0
2356 NONE 8237;31714 0;0
2357 KEY_A 8237;31714 0;0
2358 NONE 8237;31714 0;0
2359 KEY_A 8237;31714 0;0
2360 NONE 8237;31714 0;0
2361 KEY_A 8237;31714 0;0
2362 NONE 8237;31714 0;0
2363 KEY_A 8237;31714 0;0
2364 NONE 8237;31714 0;0
2365 KEY_A 8237;31714 0;0
2366 NONE 8237;31714 0;0
2367 KEY_A 8237;31714 0;0
2368 NONE 8237;31714 0;0
2369 KEY_A 8237;31714 0;0
2370 NONE 8237;31714 0;0
2371 KEY_A 8237;31714 0;0
2372 NONE 8237;31714 0;0
2373 KEY_A 8237;31714 0;0
2374 NONE 8237;31714 0;0
2375 KEY_A 8237;31714 0;0
2376 NONE 8237;31714 0;0
2377 KEY_A 8237;31714 0;0
2378 NONE 8237;31714 0;0
2379 KEY_A 8237;31714 0;0
2380 NONE 8237;31714 0;0
2381 KEY_A 8237;31714 0;0
2382 NONE 8237;31714 0;0
2383 KEY_A 8237;31714 0;0
2384 NONE 8237;31714 0;0
2385 KEY_A 8237;31714 0;0
2386 NONE 8237;31714 0;0
2387 KEY_A 8237;31714 0;0
2388 NONE 8237;31714 0;0
2389 KEY_A 8237;31714 0;0
2390 NONE 8237;31714 0;0
2391 KEY_A 8237;31714 0;0
2392 NONE 8237;31714 0;0
2393 KEY_A 8237;31714 0;0
2394 NONE 8237;31714 0;0
2395 KEY_A 8237;31714 0;0
2396 NONE 8237;31714 0;0
2397 KEY_A 8237;31714 0;0
2398 NONE 8237;31714 0;0
2399 KEY_A 8237;31714 0;0
2400 NONE 8237;31714 0;0
2401 KEY_A 8237;31714 0;0
2402 NONE 8237;31714 0;0
2403 KEY_A 8237;31714 0;0
2404 NONE 8237;31714 0;0
2405 KEY_A 8237;31714 0;0
2406 NONE 8237;31714 0;0
2407 KEY_A 8237;31714 0;0
2408 NONE 8237;31714 0;0
2409 KEY_A 8237;31714 0;0
2410 NONE 8237;31714 0;0
2411 KEY_A 8237;31714 0;0
2412 NONE 8237;31714 0;0
2413 KEY_A 8237;31714 0;0
2414 NONE 8237;31714 0;0
2415 KEY_A 8237;31714 0;0
2416 NONE 8237;31714 0;0
2417 KEY_A 8237;31714 0;0
2418 NONE 8237;31714 0;0
2419 KEY_A 8237;31714 0;0
2420 NONE 8237;31714 0;0
2421 KEY_A 8237;31714 0;0
2422 NONE 8237;31714 0;0
2423 KEY_A 8237;31714 0;0
2424 NONE 8237;31714 0;0
2425 KEY_A 8237;31714 0;0
2426 NONE 8237;31714 0;0
2427 KEY_A 8237;31714 0;0
2428 NONE 8237;31714 0;0
2429 KEY_A 8237;31714 0;0
2430 NONE 8237;31714 0;0
2431 KEY_A 8237;31714 0;0
2432 NONE 8237;31714 0;0
2433 KEY_A 8237;31714 0;0
2434 NONE 8237;31714 0;0
2435 KEY_A 8237;31714 0;0
2436 NONE 8237;31714 0;0
2437 KEY_A 8237;31714 0;0
2438 NONE 8237;31714 0;0
2439 KEY_A 8237;31714 0;0
2440 NONE 8237;31714 0;0
2441 KEY_A 8237;31714 0;0
2442 NONE 8237;31714 0;0
2443 KEY_A 8237;31714 0;0
2444 NONE 8237;31714 0;0
2445 KEY_A 8237;31714 0;0
2446 NONE 8237;31714 0;0
2447 KEY_A 8237;31714 0;0
2448 NONE 8237;31714 0;0
2449 KEY_A 8237;31714 0;0
2450 NONE 8237;31714 0;0
2451 KEY_A 8237;31714 0;0
2452 NONE 8237;31714 0;0
2453 KEY_A 8237;31714 0;0
2454 NONE 8237;31714 0;0
2455 KEY_A 8237;31714 0;0
2456 NONE 8237;31714 0;0
2457 KEY_A 8237;31714 0;0
2458 NONE 8237;31714 0;0
2459 KEY_A 8237;31714 0;0
2460 NONE 8237;31714 0;0
2461 KEY_A 8237;31714 0;0
2462 NONE 8237;31714 0;0
2463 KEY_A 8237;31714 0;0
2464 NONE 8237;31714 0;0
2465 KEY_A 8237;31714 0;0
2466 NONE 8237;31714 0;0
2467 KEY_A 8237;31714 0;0
2468 NONE 8237;31714 0;0
2469 KEY_A 8237;31714 0;0
2470 NONE 8237;31714 0;0
2471 KEY_A 8237;31714 0;0
2472 NONE 8237;31714 0;0
2473 KEY_A 8237;31714 0;0
2474 NONE 8237;31714 0;0
2475 KEY_A 8237;31714 0;0
2476 NONE 8237;31714 0;0
2477 KEY_A 8237;31714 0;0
2478 NONE 8237;31714 0;0
2479 KEY_A 8237;31714 0;0
2480 NONE 8237;31714 0;0
2481 KEY_A 8237;31714 0;0
2482 NONE 8237;31714 0;0
2483 KEY_A 8237;31714 0;0
2484 NONE 8237;31714 0;0
2485 KEY_A 8237;31714 0;0
2486 NONE 8237;31714 0;0
2487 KEY_A 8237;31714 0;0
2488 NONE 8237;31714 0;0
2489 KEY_A 8237;31714 0;0
2490 NONE 8237;31714 0;0
2491 KEY_A 8237;31714 0;0
2492 NONE 8237;31714 0;0
2493 KEY_A 8237;31714 0;0
2494 NONE 8237;31714 0;0
2495 KEY_A 8237;31714 0;0
2496 NONE 8237;31714 0;0
2497 KEY_A 8237;31714 0;0
2498 NONE 8237;31714 0;0
2499 KEY_A 8237;31714 0;0
2500 NONE 8237;31714 0;0
2501 KEY_A 8237;31714 0;0
2502 NONE 8237;31714 0;0
2503 KEY_A 8237;31714 0;0
2504 NONE 8237;31714 0;0
2505 KEY_A 8237;31714 0;0
2506 NONE 8237;31714 0;0
2507 KEY_A 8237;31714 0;0
2508 NONE 8237;31714 0;0
2509 KEY_A 8237;31714 0;0
2510 NONE 8237;31714 0;0
2511 KEY_A 8237;31714 0;0
2512 NONE 8237;31714 0;0
2513 KEY_A 8237;31714 0;0
2514 NONE 8237;31714 0;0
2515 KEY_A 8237;31714 0;0
2516 NONE 8237;31714 0;0
2517 KEY_A 8237;31714 0;0
2518 NONE 8237;31714 0;0
2519 KEY_A 8237;31714 0;0
2520 NONE 8237;31714 0;0
2521 KEY_A 8237;31714 0;0
2522 NONE 8237;31714 0;0
2523 KEY_A 8237;31714 0;0
2524 NONE 8237;31714 0;0
2525 KEY_A 8237;31714 0;0
2526 NONE 8237;31714 0;0
2527 KEY_A 8237;31714 0;0
2528 NONE 8237;31714 0;0
2529 KEY_A 8237;31714 0;0
2530 NONE 8237;31714 0;0
2531 KEY_A 8237;31714 0;0
2532 NONE 8237;31714 0;0
2533 KEY_A 8237;31714 0;0
2534 NONE 8237;31714 0;0
2535 KEY_A 8237;31714 0;0
2536 NONE 8237;31714 0;0
2537 KEY_A 8237;31714 0;0
2538 NONE 8237;31714 0;0
2539 KEY_A 8237;31714 0;0
2540 NONE 8237;31714 0;0
2541 KEY_A 8237;31714 0;0
2542 NONE 8237;31714 0;0
2543 KEY_A 8237;31714 0;0
2544 NONE 8237;31714 0;0
2545 KEY_A 8237;31714 0;0
2546 NONE 8237;31714 0;0
2547 KEY_A 8237;31714 0;0
2548 NONE 8237;31714 0;0
2549 KEY_A 8237;31714 0;0
2550 NONE 8237;31714 0;0
2551 KEY_A 8237;31714 0;0
2552 NONE 8237;31714 0;0
2553 KEY_A 8237;31714 0;0
2554 NONE 8237;31714 0;0
2555 KEY_A 8237;31714 0;0
2556 NONE 8237;31714 0;0
2557 KEY_A 8237;31714 0;0
2558 NONE 8237;31714 0;0
2559 KEY_A 8237;31714 0;0
2560 NONE 8237;31714 0;0
2561 KEY_A 8237;31714 0;0
2562 NONE 8237;31714 0;0
2563 KEY_A 8237;31714 0;0
2564 NONE 8237;31714 0;0
2565 KEY_A 8237;31714 0;0
2566 NONE 8237;31714 0;0
2567 KEY_A 8237;31714 0;0
2568 NONE 8237;31714 0;0
2569 KEY_A 8237;31714 0;0
2570 NONE 8237;31714 0;0
2571 KEY_A 8237;31714 0;0
2572 NONE 8237;31714 0;0
2573 KEY_A 8237;31714 0;0
2574 NONE 8237;31714 0;0
2575 KEY_A 8237;31714 0;0
2576 NONE 8237;31714 0;0
2577 KEY_A 8237;31714 0;0
2578 NONE 8237;31714 0;0
2579 KEY_A 8237;31714 0;0
2580 NONE 8237;31714 0;0
2581 KEY_A 8237;31714 0;0
2582 NONE 8237;31714 0;0
2583 KEY_A 8237;31714 0;0
2584 NONE 8237;31714 0;0
2585 KEY_A 8237;31714 0;0
2586 NONE 8237;31714 0;0
2587 NONE 8237;31714 0;0
2588 NONE 8237;31714 0;0
2589 NONE 8237;31714 0;0
2590 NONE 8237;31714 0;0
2591 NONE 8237;31714 0;0
2592 NONE 8237;31714 0;0
2593 NONE 8237;31714 0;0
2594 NONE 8237;31714 0;0
2595 NONE 8237;31714 0;0
2596 NONE 8237;31714 0;0
2597 NONE 8237;31714 0;0
2598 NONE 8237;31714 0;0
2599 NONE 8237;31714 0;0
2600 NONE 8237;31714 0;0
2601 NONE 8237;31714 0;0
2602 NONE 8237;31714 0;0
2603 NONE 8237;31714 0;0
2604 NONE 8237;31714 0;0
2605 NONE 8237;31714 0;0
2606 NONE 8237;31714 0;0
2607 NONE 8237;31714 0;0
2608 NONE 8237;31714 0;0
2609 NONE 8237;31714 0;0
2610 NONE 8237;31714 0;0
2611 NONE 8237;31714 0;0
2612 NONE 8237;31714 0;0
2613 NONE 8237;31714 0;0
2614 NONE 8237;31714 0;0
2615 NONE 8237;31714 0;0
2616 NONE 8237;31714 0;0
2617 NONE 8237;31714 0;0
2618 NONE 8237;31714 0;0
2619 NONE 8237;31714 0;0
2620 NONE 8237;31714 0;0
2621 NONE 8237;31714 0;0
2622 NONE 8237;31714 0;0
2623 NONE 8237;31714 0;0
2624 NONE 8237;31714 0;0
2625 NONE 8237;31714 0;0
2626 NONE 8237;31714 0;0
2627 NONE 8237;31714 0;0
2628 NONE 8237;31714 0;0
2629 NONE 8237;31714 0;0
2630 NONE 8237;31714 0;0
2631 NONE 8237;31714 0;0
2632 NONE 8237;31714 0;0
2633 NONE 8237;31714 0;0
2634 KEY_B 0;0 0;0
