0 KEY_X 0;0 0;0
42 KEY_B 32767;0 0;0
43 KEY_B 32767;0 0;0
44 KEY_B 32767;0 0;0
45 KEY_B 32767;0 0;0
46 KEY_B 32767;0 0;0
47 KEY_B;KEY_R 32767;0 0;0
48 KEY_B;KEY_R 32767;0 0;0
49 KEY_B;KEY_R 32767;0 0;0
50 KEY_B;KEY_R 32767;0 0;0
51 KEY_B;KEY_R 32767;0 0;0
52 KEY_B;KEY_R 32767;0 0;0
53 KEY_B;KEY_R 32767;0 0;0
54 KEY_B;KEY_R 32767;0 0;0
55 KEY_R 32767;0 0;0
56 KEY_R 32767;0 0;0
57 KEY_B;KEY_R 32767;0 0;0
58 KEY_ZL 0;32767 0;0
59 KEY_ZL 0;32767 0;0
60 KEY_ZL 0;32767 0;0
61 KEY_ZL 0;32767 0;0
62 KEY_X;KEY_ZL 0;32767 0;0
64 KEY_L 0;0 0;0
68 KEY_ZR 0;0 0;0
70 KEY_DUP 0;0 0;0
71 KEY_DUP 0;0 0;0
72 KEY_ZR;KEY_DUP 0;0 0;0
81 KEY_L 0;0 0;0
84 KEY_DUP 0;0 0;0
85 KEY_DUP 0;0 0;0
86 KEY_ZL;KEY_DUP 0;0 0;0
91 KEY_L 0;0 0;0
145 KEY_X -9098;31478 0;0
146 NONE -9098;31478 0;0
147 NONE -9098;31478 0;0
148 NONE -9098;31478 0;0
149 NONE -9098;31478 0;0
150 NONE -9098;31478 0;0
151 NONE -9098;31478 0;0
152 NONE -9098;31478 0;0
153 NONE -9098;31478 0;0
154 NONE -9098;31478 0;0
155 NONE -9098;31478 0;0
156 NONE -9098;31478 0;0
157 NONE -9098;31478 0;0
158 NONE -9098;31478 0;0
159 NONE -9098;31478 0;0
160 NONE -9098;31478 0;0
161 NONE -9098;31478 0;0
162 NONE -9098;31478 0;0
163 NONE -9098;31478 0;0
164 NONE -9098;31478 0;0
165 NONE -9098;31478 0;0
166 NONE -9098;31478 0;0
167 NONE -9098;31478 0;0
168 NONE -9098;31478 0;0
169 NONE -9098;31478 0;0
170 NONE -9098;31478 0;0
171 NONE -9098;31478 0;0
172 NONE -9098;31478 0;0
173 NONE 0;32767 0;0
174 NONE 0;32767 0;0
175 NONE 0;32767 0;0
176 NONE 0;32767 0;0
177 NONE 0;32767 0;0
178 NONE 0;32767 0;0
179 NONE 0;32767 0;0
180 NONE 0;32767 0;0
181 NONE 0;32767 0;0
182 NONE 0;32767 0;0
183 NONE 0;32767 0;0
184 NONE 0;32767 0;0
185 NONE 0;32767 0;0
186 NONE 0;32767 0;0
187 NONE 0;32767 0;0
188 NONE 0;32767 0;0
189 NONE 0;32767 0;0
190 NONE 0;32767 0;0
191 NONE 0;32767 0;0
192 NONE 0;32767 0;0
193 NONE 0;32767 0;0
194 NONE 0;32767 0;0
195 NONE 0;32767 0;0
196 NONE 0;32767 0;0
197 NONE 0;32767 0;0
198 NONE 0;32767 0;0
199 NONE 0;32767 0;0
200 NONE 0;32767 0;0
201 NONE 0;32767 0;0
202 NONE 0;32767 0;0
203 NONE 0;32767 0;0
204 NONE 0;32767 0;0
205 NONE 0;32767 0;0
206 NONE 0;32767 0;0
207 NONE 0;32767 0;0
208 NONE 0;32767 0;0
209 KEY_B 0;0 0;0
211 KEY_B 0;32767 0;0
212 KEY_A;KEY_B 0;32767 0;0
213 KEY_B 0;32767 0;0
214 KEY_A;KEY_B 0;32767 0;0
215 KEY_B 0;32767 0;0
216 KEY_A;KEY_B 0;32767 0;0
217 KEY_B 0;32767 0;0
218 KEY_A;KEY_B 0;32767 0;0
219 KEY_B 0;32767 0;0
220 KEY_A;KEY_B 0;32767 0;0
221 KEY_B 0;32767 0;0
222 KEY_A;KEY_B 0;32767 0;0
223 KEY_B 0;32767 0;0
224 KEY_A;KEY_B 0;32767 0;0
225 KEY_B 0;32767 0;0
226 KEY_A;KEY_B 0;32767 0;0
227 KEY_B 0;32767 0;0
228 KEY_A;KEY_B 0;32767 0;0
229 KEY_B 0;32767 0;0
230 KEY_A;KEY_B 0;32767 0;0
231 KEY_B 0;32767 0;0
232 KEY_A;KEY_B 0;32767 0;0
233 KEY_B 0;32767 0;0
234 KEY_A;KEY_B 0;32767 0;0
235 KEY_B 0;32767 0;0
236 KEY_A;KEY_B 0;32767 0;0
237 KEY_B 0;32767 0;0
238 KEY_A;KEY_B 0;32767 0;0
239 KEY_B 0;32767 0;0
240 KEY_A;KEY_B 0;32767 0;0
241 KEY_B 0;32767 0;0
242 KEY_A;KEY_B 0;32767 0;0
