0 KEY_X;KEY_ZL 0;0 0;0
1 KEY_ZL 0;0 0;0
2 KEY_ZL 0;0 0;0
3 KEY_ZL 0;0 0;0
4 KEY_ZL 0;0 0;0
5 KEY_ZL 0;0 0;0
6 KEY_ZL 0;0 0;0
7 KEY_ZL 0;0 0;0
8 KEY_ZL 0;0 0;0
9 KEY_ZL 0;0 0;0
10 KEY_ZL 0;0 0;0
11 KEY_ZL 0;0 0;0
12 KEY_ZL 0;0 0;0
13 KEY_ZL 0;0 0;0
14 KEY_ZL 0;0 0;0
15 KEY_ZL 0;0 0;0
16 KEY_ZL 0;0 0;0
17 KEY_ZL 0;0 0;0
18 KEY_ZL 0;0 0;0
19 KEY_ZL 0;0 0;0
20 KEY_ZL 0;0 0;0
21 KEY_ZL 0;0 0;0
22 KEY_ZL 0;0 0;0
23 KEY_ZL 0;0 0;0
24 KEY_ZL 0;0 0;0
25 KEY_ZL 0;0 0;0
26 KEY_ZL 0;0 0;0
27 KEY_ZL 0;0 0;0
28 KEY_ZL 0;0 0;0
29 KEY_ZL 0;0 0;0
30 KEY_ZL 0;0 0;0
31 KEY_ZL 0;0 0;0
32 KEY_ZL 0;0 0;0
33 KEY_ZL 0;0 0;0
34 KEY_ZL -26843;18790 0;0
35 KEY_ZL -26843;18790 0;0
36 KEY_ZL -26843;18790 0;0
37 KEY_ZL -26843;18790 0;0
38 KEY_ZL -26843;18790 0;0
39 KEY_B -26843;18790 284;-284
40 KEY_B -26843;18790 284;-284
41 KEY_B -26843;18790 284;-284
42 KEY_B -26843;18790 284;-284
43 KEY_B -26843;18790 284;-284
44 KEY_B -26843;18790 284;-284
45 KEY_B -26843;18790 284;-284
46 KEY_B -26843;18790 284;-284
47 KEY_B -26843;18790 284;-284
48 KEY_B -26843;18790 284;-284
49 KEY_B -26843;18790 284;-284
50 KEY_B -26843;18790 284;-284
51 KEY_B -26843;18790 284;-284
52 KEY_B -26843;18790 284;-284
53 KEY_B -26843;18790 284;-284
54 KEY_B -26843;18790 284;-284
55 KEY_B -26843;18790 284;-284
56 KEY_B -26843;18790 284;-284
57 KEY_B -26843;18790 284;-284
58 KEY_B -26843;18790 284;-284
59 KEY_B -26843;18790 284;-284
60 KEY_B -26843;18790 284;-284
61 KEY_B -26843;18790 284;-284
62 KEY_B -26843;18790 284;-284
63 KEY_B -26843;18790 284;-284
64 KEY_B -26843;18790 284;-284
65 KEY_B -26843;18790 284;-284
66 KEY_B -26843;18790 284;-284
67 KEY_B -26843;18790 284;-284
68 KEY_B -26843;18790 284;-284
69 KEY_B -26843;18790 284;-284
70 KEY_B -26843;18790 284;-284
71 KEY_B -26843;18790 284;-284
72 KEY_B -26843;18790 284;-284
73 KEY_B -26843;18790 284;-284
74 KEY_B -26843;18790 284;-284
75 KEY_B -26843;18790 284;-284
76 KEY_B -26843;18790 284;-284
77 KEY_B -26843;18790 284;-284
78 KEY_A -26843;18790 284;-284
79 KEY_B -26843;18790 284;-284
80 KEY_A -26843;18790 284;-284
81 KEY_B -26843;18790 284;-284
82 KEY_A -26843;18790 284;-284
83 KEY_B -26843;18790 284;-284
84 KEY_A -26843;18790 284;-284
85 KEY_B -26843;18790 284;-284
86 KEY_A 0;0 284;-284
87 KEY_B 0;0 284;-284
88 KEY_A 0;0 284;-284
89 KEY_B 0;0 284;-284
90 KEY_A 0;0 284;-284
91 KEY_B 0;0 284;-284
92 KEY_A 0;0 284;-284
93 KEY_B 0;0 284;-284
94 KEY_A 0;0 284;-284
95 KEY_B 0;0 284;-284
96 KEY_A 0;0 284;-284
97 KEY_B 0;0 284;-284
98 KEY_A 0;0 284;-284
99 KEY_B 0;0 284;-284
100 KEY_A 0;0 284;-284
101 KEY_B 0;0 284;-284
102 KEY_A 0;0 284;-284
103 KEY_B 0;0 284;-284
104 KEY_A 0;0 284;-284
105 KEY_B 0;0 284;-284
106 KEY_A 0;0 284;-284
107 KEY_B 0;0 284;-284
108 KEY_A 0;0 284;-284
109 KEY_B 0;0 284;-284
110 KEY_A 0;0 284;-284
111 KEY_B 0;0 284;-284
112 KEY_A 0;0 284;-284
113 KEY_B 0;0 284;-284
114 KEY_A 0;0 284;-284
115 KEY_B 0;0 284;-284
116 KEY_A 0;0 284;-284
117 KEY_B 0;0 284;-284
118 KEY_A 0;0 284;-284
119 KEY_B 0;0 284;-284
120 KEY_A 0;0 284;-284
121 KEY_B 0;0 284;-284
122 KEY_A 0;0 284;-284
123 KEY_B 0;0 284;-284
124 KEY_A 0;0 284;-284
125 KEY_B 0;0 284;-284
126 KEY_A 0;0 284;-284
127 KEY_B 0;0 284;-284
128 KEY_A 0;0 284;-284
129 KEY_B 0;0 284;-284
130 KEY_A 0;0 284;-284
131 KEY_B 0;0 284;-284
132 KEY_A 0;0 284;-284
133 KEY_B 0;0 284;-284
134 KEY_A 0;0 284;-284
135 KEY_B 0;0 284;-284
136 KEY_A 0;0 284;-284
137 KEY_B 0;0 284;-284
138 KEY_A 0;0 284;-284
139 KEY_B 0;0 284;-284
140 KEY_A 0;0 284;-284
141 KEY_B 0;0 284;-284
142 KEY_A 0;0 284;-284
143 KEY_B 0;0 284;-284
144 KEY_A 0;0 284;-284
145 KEY_B 0;0 284;-284
146 KEY_A 0;0 284;-284
147 KEY_B 0;0 284;-284
148 KEY_A 0;0 284;-284
149 KEY_B 0;0 284;-284
150 KEY_A 0;0 284;-284
151 KEY_B 0;0 284;-284
152 KEY_A 0;0 284;-284
153 KEY_B 0;0 284;-284
154 KEY_A 0;0 284;-284
155 KEY_B 0;0 284;-284
156 KEY_A 0;0 284;-284
157 KEY_B 0;0 284;-284
158 KEY_A 0;0 284;-284
159 KEY_B 0;0 284;-284
160 KEY_A 0;0 284;-284
161 KEY_B 0;0 284;-284
162 KEY_A 0;0 284;-284
163 KEY_B 0;0 284;-284
164 KEY_A 0;0 284;-284
165 KEY_B 0;0 284;-284
166 KEY_A 0;0 284;-284
167 KEY_B 0;0 284;-284
168 KEY_A 0;0 284;-284
169 KEY_B 0;0 284;-284
170 KEY_A 0;0 284;-284
171 KEY_B 0;0 284;-284
172 KEY_A 0;0 284;-284
173 KEY_B 0;0 284;-284
174 KEY_A 0;0 284;-284
175 KEY_B 0;0 284;-284
176 KEY_A 0;0 284;-284
177 KEY_B 0;0 284;-284
178 KEY_A 0;0 284;-284
179 KEY_B 0;0 284;-284
180 KEY_A 0;0 284;-284
181 KEY_B 0;0 284;-284
182 KEY_A 0;0 284;-284
183 KEY_B 0;0 284;-284
184 KEY_A 0;0 284;-284
185 KEY_B 0;0 284;-284
186 KEY_A 0;0 284;-284
187 KEY_B 0;0 284;-284
188 KEY_A 0;0 284;-284
189 KEY_B 0;0 284;-284
190 KEY_A 0;0 284;-284
191 KEY_B 0;0 284;-284
192 KEY_A 0;0 284;-284
193 KEY_B 0;0 284;-284
194 KEY_A 0;0 284;-284
195 KEY_B 0;0 284;-284
196 KEY_A 0;0 284;-284
197 KEY_B 0;0 284;-284
198 KEY_A 0;0 284;-284
199 KEY_B 0;0 284;-284
200 KEY_A 0;0 284;-284
201 KEY_B 0;0 284;-284
202 KEY_A 0;0 284;-284
203 KEY_B 0;0 284;-284
204 KEY_A 0;0 284;-284
205 KEY_B 0;0 284;-284
206 KEY_A 0;0 284;-284
207 KEY_B 0;0 284;-284
208 KEY_A 0;0 284;-284
209 KEY_B 0;0 284;-284
210 KEY_A 0;0 284;-284
211 KEY_B 0;0 284;-284
212 KEY_A 0;0 284;-284
213 KEY_B 0;0 284;-284
214 KEY_A 0;0 284;-284
215 KEY_B 0;0 284;-284
216 KEY_A 0;0 284;-284
217 KEY_B 0;0 284;-284
218 KEY_A 0;0 284;-284
219 KEY_B 0;0 284;-284
220 KEY_A 0;0 284;-284
221 KEY_B 0;0 284;-284
222 KEY_A 0;0 284;-284
223 KEY_B 0;0 284;-284
224 KEY_A 0;0 284;-284
225 KEY_B 0;0 284;-284
226 KEY_A 0;0 284;-284
227 KEY_B 0;0 284;-284
228 KEY_A 0;0 284;-284
229 KEY_B 0;0 284;-284
230 KEY_A 0;0 284;-284
231 KEY_B 0;0 284;-284
232 KEY_A 0;0 284;-284
233 KEY_B 0;0 284;-284
234 KEY_A 0;0 284;-284
235 KEY_B 0;0 284;-284
236 KEY_A 0;0 284;-284
237 KEY_B 0;0 284;-284
238 KEY_A 0;0 284;-284
239 KEY_B 0;0 284;-284
240 KEY_A 0;0 284;-284
241 KEY_B 0;0 284;-284
242 KEY_A 0;0 284;-284
243 KEY_B 0;0 284;-284
244 KEY_A 0;0 284;-284
245 KEY_B 0;0 284;-284
246 KEY_A 0;0 284;-284
247 KEY_B 0;0 284;-284
248 KEY_A 0;0 284;-284
249 KEY_B 0;0 284;-284
250 KEY_A 0;0 284;-284
251 KEY_B 0;0 284;-284
252 KEY_A 0;0 284;-284
253 KEY_B 0;0 284;-284
254 KEY_A 0;0 284;-284
255 KEY_B 0;0 284;-284
256 KEY_A 0;0 284;-284
257 KEY_B 0;0 284;-284
258 KEY_A 0;0 284;-284
259 KEY_B 0;0 284;-284
260 KEY_A 0;0 284;-284
261 KEY_B 0;0 284;-284
262 KEY_A 0;0 284;-284
263 KEY_B 0;0 284;-284
264 KEY_A 0;0 284;-284
265 KEY_B 0;0 284;-284
266 KEY_A 0;0 284;-284
267 KEY_B 0;0 284;-284
268 KEY_A 0;0 284;-284
269 KEY_B 0;0 284;-284
270 KEY_A 0;0 284;-284
271 KEY_B 0;0 284;-284
272 KEY_A 0;0 284;-284
273 KEY_B 0;0 284;-284
274 KEY_A 0;0 284;-284
275 KEY_B 0;0 284;-284
276 KEY_A 0;0 284;-284
277 KEY_B 0;0 284;-284
278 KEY_A 0;0 284;-284
279 KEY_B 0;0 284;-284
280 KEY_A 0;0 284;-284
281 KEY_B 0;0 284;-284
282 KEY_A 0;0 284;-284
283 KEY_B 0;0 284;-284
284 KEY_A 0;0 284;-284
285 KEY_B 0;0 284;-284
286 KEY_A 0;0 284;-284
287 KEY_B 0;0 284;-284
288 KEY_A 0;0 284;-284
289 KEY_B 0;0 284;-284
290 KEY_A 0;0 284;-284
291 KEY_B 0;0 284;-284
292 KEY_A 0;0 284;-284
293 KEY_B 0;0 284;-284
294 KEY_A 0;0 284;-284
295 KEY_B 0;0 284;-284
296 KEY_A 0;0 284;-284
297 KEY_B 0;0 284;-284
298 KEY_A 0;0 284;-284
299 KEY_B 0;0 284;-284
300 KEY_A 0;0 284;-284
301 KEY_B 0;0 284;-284
302 KEY_A 0;0 284;-284
303 KEY_B 0;0 284;-284
304 KEY_A 0;0 284;-284
305 KEY_B 0;0 284;-284
306 KEY_A 0;0 284;-284
307 KEY_B 0;0 284;-284
308 KEY_A 0;0 284;-284
309 KEY_B 0;0 284;-284
310 KEY_A 0;0 284;-284
311 KEY_B 0;0 284;-284
312 KEY_A 0;0 284;-284
313 KEY_B 0;0 284;-284
314 KEY_A 0;0 284;-284
315 KEY_B 0;0 284;-284
316 KEY_A 0;0 284;-284
317 KEY_B 0;0 284;-284
318 KEY_A 0;0 284;-284
319 KEY_B 0;0 284;-284
320 KEY_A 0;0 284;-284
321 KEY_B 0;0 284;-284
322 KEY_A 0;0 284;-284
323 KEY_B 0;0 284;-284
324 KEY_A 0;0 284;-284
325 KEY_B 0;0 284;-284
326 KEY_A 0;0 284;-284
327 KEY_B 0;0 284;-284
328 KEY_A 0;0 284;-284
329 KEY_B 0;0 284;-284
330 KEY_A 0;0 284;-284
331 KEY_B 0;0 284;-284
332 KEY_A 0;0 284;-284
333 KEY_B 0;0 284;-284
334 KEY_A 0;0 284;-284
335 KEY_B 0;0 284;-284
336 KEY_A 0;0 284;-284
337 KEY_B 0;0 284;-284
338 KEY_A 0;0 284;-284
339 KEY_B 0;0 284;-284
340 KEY_A 0;0 284;-284
341 KEY_B 0;0 284;-284
342 KEY_A 0;0 284;-284
343 KEY_B 0;0 284;-284
344 KEY_A 0;0 284;-284
345 KEY_B 0;0 284;-284
346 KEY_A 0;0 284;-284
347 KEY_B 0;0 284;-284
348 KEY_A 0;0 284;-284
349 KEY_B 0;0 284;-284
350 KEY_A 0;0 284;-284
351 KEY_B 0;0 284;-284
352 KEY_A 0;0 284;-284
353 KEY_B 0;0 284;-284
354 KEY_A 0;0 284;-284
355 KEY_B 0;0 284;-284
356 KEY_A 0;0 284;-284
357 KEY_B 0;0 284;-284
358 KEY_A 0;0 284;-284
359 KEY_B 0;0 284;-284
360 KEY_A 0;0 284;-284
361 KEY_B 0;0 284;-284
362 KEY_A 0;0 284;-284
363 KEY_B 0;0 284;-284
364 KEY_A 0;0 284;-284
365 KEY_B 0;0 284;-284
366 KEY_A 0;0 284;-284
367 KEY_B 0;0 284;-284
368 KEY_A 0;0 284;-284
369 KEY_B 0;0 284;-284
370 KEY_A 0;0 284;-284
371 KEY_B 0;0 284;-284
372 KEY_A 0;0 284;-284
373 KEY_B 0;0 284;-284
374 KEY_A 0;0 284;-284
375 KEY_B 0;0 284;-284
376 KEY_A 0;0 284;-284
377 KEY_B 0;0 284;-284
378 KEY_A 0;0 284;-284
379 KEY_B 0;0 284;-284
380 KEY_A 0;0 284;-284
381 KEY_B 0;0 284;-284
382 KEY_A 0;0 284;-284
383 KEY_B 0;0 284;-284
384 KEY_A 0;0 284;-284
385 KEY_B 0;0 284;-284
386 KEY_A 0;0 284;-284
387 KEY_B 0;0 284;-284
388 KEY_A 0;0 284;-284
389 KEY_B 0;0 284;-284
390 KEY_A 0;0 284;-284
391 KEY_B 0;0 284;-284
392 KEY_A 0;0 284;-284
393 KEY_B 0;0 284;-284
394 KEY_A 0;0 284;-284
395 KEY_B 0;0 284;-284
396 KEY_A 0;0 284;-284
397 KEY_B 0;0 284;-284
398 KEY_A 0;0 284;-284
399 KEY_B 0;0 284;-284
400 KEY_A 0;0 284;-284
401 KEY_B 0;0 284;-284
402 KEY_A 0;0 284;-284
403 KEY_B 0;0 284;-284
404 KEY_A 0;0 284;-284
405 KEY_B 0;0 284;-284
406 KEY_A 0;0 284;-284
407 KEY_B 0;0 284;-284
408 KEY_A 0;0 284;-284
409 KEY_B 0;0 284;-284
410 KEY_A 0;0 284;-284
411 KEY_B 0;0 284;-284
412 KEY_A 0;0 284;-284
413 KEY_B 0;0 284;-284
414 KEY_A 0;0 284;-284
415 KEY_B 0;0 284;-284
416 KEY_A 0;0 284;-284
417 KEY_B 0;0 284;-284
418 KEY_A 0;0 284;-284
419 KEY_B 0;0 284;-284
420 KEY_A 0;0 284;-284
421 KEY_B 0;0 284;-284
422 KEY_A 0;0 284;-284
423 KEY_B 0;0 284;-284
424 KEY_A 0;0 284;-284
425 KEY_B 0;0 284;-284
426 KEY_A 0;0 284;-284
427 KEY_B 0;0 284;-284
428 KEY_A 0;0 284;-284
429 KEY_B 0;0 284;-284
430 KEY_A 0;0 284;-284
431 KEY_B 0;0 284;-284
432 KEY_A 0;0 284;-284
433 KEY_B 0;0 284;-284
434 KEY_A 0;0 284;-284
435 KEY_B 0;0 284;-284
436 KEY_A 0;0 284;-284
437 KEY_B 0;0 284;-284
438 KEY_A 0;0 284;-284
439 KEY_B 0;0 284;-284
440 KEY_A 0;0 284;-284
441 KEY_B 0;0 284;-284
442 KEY_A 0;0 284;-284
443 KEY_B 0;0 284;-284
444 KEY_A 0;0 284;-284
445 KEY_B 0;0 284;-284
446 KEY_A 0;0 284;-284
447 KEY_B 0;0 284;-284
448 KEY_A 0;0 284;-284
449 KEY_B 0;0 284;-284
450 KEY_A 0;0 284;-284
451 KEY_B 0;0 284;-284
452 KEY_A 0;0 284;-284
453 KEY_B 0;0 284;-284
454 KEY_A 0;0 284;-284
455 KEY_B 0;0 284;-284
456 KEY_A 0;0 284;-284
457 KEY_B 0;0 284;-284
458 KEY_A 0;0 284;-284
459 KEY_B 0;0 284;-284
460 KEY_A 0;0 284;-284
461 KEY_B 0;0 284;-284
462 KEY_A 0;0 284;-284
463 KEY_B 0;0 284;-284
464 KEY_A 0;0 284;-284
465 KEY_B 0;0 284;-284
466 KEY_A 0;0 284;-284
467 KEY_B 0;0 284;-284
468 KEY_A 0;0 284;-284
469 KEY_B 0;0 284;-284
470 KEY_A 0;0 284;-284
471 KEY_B 0;0 284;-284
472 KEY_A 0;0 284;-284
473 KEY_B 0;0 284;-284
474 KEY_A 0;0 284;-284
475 KEY_B 0;0 284;-284
476 KEY_A 0;0 284;-284
477 KEY_B 0;0 284;-284
478 KEY_A 0;0 284;-284
479 KEY_B 0;0 284;-284
480 KEY_A 0;0 284;-284
481 KEY_B 0;0 284;-284
482 KEY_A 0;0 284;-284
483 KEY_B 0;0 284;-284
484 KEY_A 0;0 284;-284
485 KEY_B 0;0 284;-284
486 KEY_A 0;0 284;-284
487 KEY_B 0;0 284;-284
488 KEY_A 0;0 284;-284
489 KEY_B 0;0 284;-284
490 KEY_A 0;0 284;-284
491 KEY_B 0;0 284;-284
492 KEY_A 0;0 284;-284
493 KEY_B 0;0 284;-284
494 KEY_A 0;0 284;-284
495 KEY_B 0;0 284;-284
496 KEY_A 0;0 284;-284
497 KEY_B 0;0 284;-284
498 KEY_A 0;0 284;-284
499 KEY_B 0;0 284;-284
500 KEY_A 0;0 284;-284
501 KEY_B 0;0 284;-284
502 KEY_A 0;0 284;-284
503 KEY_B 0;0 284;-284
504 KEY_A 0;0 284;-284
505 KEY_B 0;0 284;-284
506 KEY_A 0;0 284;-284
507 KEY_B 0;0 284;-284
508 KEY_A 0;0 284;-284
509 KEY_B 0;0 284;-284
510 KEY_A 0;0 284;-284
511 KEY_B 0;0 284;-284
512 KEY_A 0;0 284;-284
513 KEY_B 0;0 284;-284
514 KEY_A 0;0 284;-284
515 KEY_B 0;0 284;-284
516 KEY_A 0;0 284;-284
517 KEY_B 0;0 284;-284
518 KEY_A 0;0 284;-284
519 KEY_B 0;0 284;-284
520 KEY_A 0;0 284;-284
521 KEY_B 0;0 284;-284
522 KEY_A 0;0 284;-284
523 KEY_B 0;0 284;-284
524 KEY_A 0;0 284;-284
525 KEY_B 0;0 284;-284
526 KEY_A 0;0 284;-284
527 KEY_B 0;0 284;-284
528 KEY_A 0;0 284;-284
529 KEY_B 0;0 284;-284
530 KEY_A 0;0 284;-284
531 KEY_B 0;0 284;-284
532 KEY_A 0;0 284;-284
533 KEY_B 0;0 284;-284
534 KEY_A 0;0 284;-284
535 KEY_B 0;0 284;-284
536 KEY_A 0;0 284;-284
537 KEY_B 0;0 284;-284
538 KEY_A 0;0 284;-284
539 KEY_B 0;0 284;-284
540 KEY_A 0;0 284;-284
541 KEY_B 0;0 284;-284
542 KEY_A 0;0 284;-284
543 KEY_B 0;0 284;-284
544 KEY_A 0;0 284;-284
545 KEY_B 0;0 284;-284
546 KEY_A 0;0 284;-284
547 KEY_B 0;0 284;-284
548 KEY_A 0;0 284;-284
549 KEY_B 0;0 284;-284
550 KEY_A 0;0 284;-284
551 KEY_B 0;0 284;-284
552 KEY_A 0;0 284;-284
553 KEY_B 0;0 284;-284
554 KEY_A 0;0 284;-284
555 KEY_B 0;0 284;-284
556 KEY_A 0;0 284;-284
557 KEY_B 0;0 284;-284
558 KEY_A 0;0 284;-284
559 KEY_B 0;0 284;-284
560 KEY_A 0;0 284;-284
561 KEY_B 0;0 284;-284
562 KEY_A 0;0 284;-284
563 KEY_B 0;0 284;-284
564 KEY_A 0;0 284;-284
565 KEY_B 0;0 284;-284
566 KEY_A 0;0 284;-284
567 KEY_B 0;0 284;-284
568 KEY_A 0;0 284;-284
569 KEY_B 0;0 284;-284
570 KEY_A 0;0 284;-284
571 KEY_B 0;0 284;-284
572 KEY_A 0;0 284;-284
573 KEY_B 0;0 284;-284
574 KEY_A 0;0 284;-284
575 KEY_B 0;0 284;-284
576 KEY_A 0;0 284;-284
577 KEY_B 0;0 284;-284
578 KEY_A 0;0 284;-284
579 KEY_B 0;0 284;-284
580 KEY_A 0;0 284;-284
581 KEY_B 0;0 284;-284
582 KEY_A 0;0 284;-284
583 KEY_B 0;0 284;-284
584 KEY_A 0;0 284;-284
585 KEY_B 0;0 284;-284
586 KEY_A 0;0 284;-284
587 KEY_B 0;0 284;-284
588 KEY_A 0;0 284;-284
589 KEY_B 0;0 284;-284
590 KEY_A 0;0 284;-284
591 KEY_B 0;0 284;-284
592 KEY_A 0;0 284;-284
593 KEY_B 0;0 284;-284
594 KEY_A 0;0 284;-284
595 KEY_B 0;0 284;-284
596 KEY_A 0;0 284;-284
597 KEY_B 0;0 284;-284
598 KEY_A 0;0 284;-284
599 KEY_B 0;0 284;-284
600 KEY_A 0;0 284;-284
601 KEY_B 0;0 284;-284
602 KEY_A 0;0 284;-284
603 KEY_B 0;0 284;-284
604 KEY_A 0;0 284;-284
605 KEY_B 0;0 284;-284
606 KEY_A 0;0 284;-284
607 KEY_B 0;0 284;-284
608 KEY_A 0;0 284;-284
609 KEY_B 0;0 284;-284
610 KEY_A 0;0 284;-284
611 KEY_B 0;0 284;-284
612 KEY_A 0;0 284;-284
613 KEY_B 0;0 284;-284
614 KEY_A 0;0 284;-284
615 KEY_B 0;0 284;-284
616 KEY_A 0;0 284;-284
617 KEY_B 0;0 284;-284
618 KEY_A 0;0 284;-284
619 KEY_B 0;0 284;-284
620 KEY_A 0;0 284;-284
621 KEY_B 0;0 284;-284
622 KEY_A 0;0 284;-284
623 KEY_B 0;0 284;-284
624 KEY_A 0;0 284;-284
625 KEY_B 0;0 284;-284
626 KEY_A 0;0 284;-284
627 KEY_B 0;0 284;-284
628 KEY_A 0;0 284;-284
629 KEY_B 0;0 284;-284
630 KEY_A 0;0 284;-284
631 KEY_B 0;0 284;-284
632 KEY_A 0;0 284;-284
633 KEY_B 0;0 284;-284
634 KEY_A 0;0 284;-284
635 KEY_B 0;0 284;-284
636 KEY_A 0;0 284;-284
637 KEY_B 0;0 284;-284
638 KEY_A 0;0 284;-284
639 KEY_B 0;0 284;-284
640 KEY_A 0;0 284;-284
641 KEY_B 0;0 284;-284
642 KEY_A 0;0 284;-284
643 KEY_B 0;0 284;-284
644 KEY_A 0;0 284;-284
645 KEY_B 0;0 284;-284
646 KEY_A 0;0 284;-284
647 KEY_B 0;0 284;-284
648 KEY_A 0;0 284;-284
649 KEY_B 0;0 284;-284
650 KEY_A 0;0 284;-284
651 KEY_B 0;0 284;-284
652 KEY_A 0;0 284;-284
653 KEY_B 0;0 284;-284
654 KEY_A 0;0 284;-284
655 KEY_B 0;0 284;-284
656 KEY_A 0;0 284;-284
657 KEY_B 0;0 284;-284
658 KEY_A 0;0 284;-284
659 KEY_B 0;0 284;-284
660 KEY_A 0;0 284;-284
661 KEY_B 0;0 284;-284
662 KEY_A 0;0 284;-284
663 KEY_B 0;0 284;-284
664 KEY_A 0;0 284;-284
665 KEY_B 0;0 284;-284
666 KEY_A 0;0 284;-284
667 KEY_B 0;0 284;-284
668 KEY_A 0;0 284;-284
669 KEY_B 0;0 284;-284
670 KEY_A 0;0 284;-284
671 KEY_B 0;0 284;-284
672 KEY_A 0;0 284;-284
673 KEY_B 0;0 284;-284
674 KEY_A 0;0 284;-284
675 KEY_B 0;0 284;-284
676 KEY_A 0;0 284;-284
677 KEY_B 0;0 284;-284
678 KEY_A 0;0 284;-284
679 KEY_B 0;0 284;-284
680 KEY_A 0;0 284;-284
681 KEY_B 0;0 284;-284
682 KEY_A 0;0 284;-284
683 KEY_B 0;0 284;-284
684 KEY_A 0;0 284;-284
685 KEY_B 0;0 284;-284
686 KEY_A 0;0 284;-284
687 KEY_B 0;0 284;-284
688 KEY_A 0;0 284;-284
689 KEY_B 0;0 284;-284
690 KEY_A 0;0 284;-284
691 KEY_B 0;0 284;-284
692 KEY_A 0;0 284;-284
693 KEY_B 0;0 284;-284
694 KEY_A 0;0 284;-284
695 KEY_B 0;0 284;-284
696 KEY_A 0;0 284;-284
697 KEY_B 0;0 284;-284
698 KEY_A 0;0 284;-284
699 KEY_B 0;0 284;-284
700 KEY_A 0;0 284;-284
701 KEY_B 0;0 284;-284
702 KEY_A 0;0 284;-284
703 KEY_B 0;0 284;-284
704 KEY_A 0;0 284;-284
705 KEY_B 0;0 284;-284
706 KEY_A 0;0 284;-284
707 KEY_B 0;0 284;-284
708 KEY_A 0;0 284;-284
709 KEY_B 0;0 284;-284
710 KEY_A 0;0 284;-284
711 KEY_B 0;0 284;-284
712 KEY_A 0;0 284;-284
713 KEY_B 0;0 284;-284
714 KEY_A 0;0 284;-284
715 KEY_B 0;0 284;-284
716 KEY_A 0;0 284;-284
717 KEY_B 0;0 284;-284
718 KEY_A 0;0 284;-284
719 KEY_B 0;0 284;-284
720 KEY_A 0;0 284;-284
721 KEY_B 0;0 284;-284
722 KEY_A 0;0 284;-284
723 KEY_B 0;0 284;-284
724 KEY_A 0;0 284;-284
725 KEY_B 0;0 284;-284
726 KEY_A 0;0 284;-284
727 KEY_B 0;0 284;-284
728 KEY_A 0;0 284;-284
729 KEY_B 0;0 284;-284
730 KEY_A 0;0 284;-284
731 KEY_B 0;0 284;-284
732 KEY_A 0;0 284;-284
733 KEY_B 0;0 284;-284
734 KEY_A 0;0 284;-284
735 KEY_B 0;0 284;-284
736 KEY_A 0;0 284;-284
737 KEY_B 0;0 284;-284
738 KEY_A 0;0 284;-284
739 KEY_B 0;0 284;-284
740 KEY_A 0;0 284;-284
741 KEY_B 0;0 284;-284
742 KEY_A 0;0 284;-284
743 KEY_B 0;0 284;-284
744 KEY_A 0;0 284;-284
745 KEY_B 0;0 284;-284
746 KEY_A 0;0 284;-284
747 KEY_B 0;0 284;-284
748 KEY_A 0;0 284;-284
749 KEY_B 0;0 284;-284
750 KEY_A 0;0 284;-284
751 KEY_B 0;0 284;-284
752 KEY_A 0;0 284;-284
753 KEY_B 0;0 284;-284
754 KEY_A 0;0 284;-284
755 KEY_B 0;0 284;-284
756 KEY_A 0;0 284;-284
757 KEY_B 0;0 284;-284
758 KEY_A 0;0 284;-284
759 KEY_B 0;0 284;-284
760 KEY_A 0;0 284;-284
761 KEY_B 0;0 284;-284
762 KEY_A 0;0 284;-284
763 KEY_B 0;0 284;-284
764 KEY_A 0;0 284;-284
765 KEY_B 0;0 284;-284
766 KEY_A 0;0 284;-284
767 KEY_B 0;0 284;-284
768 KEY_A 0;0 284;-284
769 KEY_B 0;0 284;-284
770 KEY_A 0;0 284;-284
771 KEY_B 0;0 284;-284
772 KEY_A 0;0 284;-284
773 KEY_B 0;0 284;-284
774 KEY_A 0;0 284;-284
775 KEY_B 0;0 284;-284
776 KEY_A 0;0 284;-284
777 KEY_B 0;0 284;-284
778 KEY_A 0;0 284;-284
779 KEY_B 0;0 284;-284
780 KEY_A 0;0 284;-284
781 KEY_B 0;0 284;-284
782 KEY_A 0;0 284;-284
783 KEY_B 0;0 284;-284
784 KEY_A 0;0 284;-284
785 KEY_B 0;0 284;-284
786 KEY_A 0;0 284;-284
787 KEY_B 0;0 284;-284
788 KEY_A 0;0 284;-284
789 KEY_B 0;0 284;-284
790 KEY_A 0;0 284;-284
791 KEY_B 0;0 284;-284
792 KEY_A 0;0 284;-284
793 KEY_B 0;0 284;-284
794 KEY_A 0;0 284;-284
795 KEY_B 0;0 284;-284
796 KEY_A 0;0 284;-284
797 KEY_B 0;0 284;-284
798 KEY_A 0;0 284;-284
799 KEY_B 0;0 284;-284
800 KEY_A 0;0 284;-284
801 KEY_B 0;0 284;-284
802 KEY_A 0;0 284;-284
803 KEY_B 0;0 284;-284
804 KEY_A 0;0 284;-284
805 KEY_B 0;0 284;-284
806 KEY_A 0;0 284;-284
807 KEY_B 0;0 284;-284
808 KEY_A 0;0 284;-284
809 KEY_B 0;0 284;-284
810 KEY_A 0;0 284;-284
811 KEY_B 0;0 284;-284
812 KEY_A 0;0 284;-284
813 KEY_B 0;0 284;-284
814 KEY_A 0;0 284;-284
815 KEY_B 0;0 284;-284
816 KEY_A 0;0 284;-284
817 KEY_B 0;0 284;-284
818 KEY_A 0;0 284;-284
819 KEY_B 0;0 284;-284
820 KEY_A 0;0 284;-284
821 KEY_B 0;0 284;-284
822 KEY_A 0;0 284;-284
823 KEY_B 0;0 284;-284
824 KEY_A 0;0 284;-284
825 KEY_B 0;0 284;-284
826 KEY_A 0;0 284;-284
827 KEY_B 0;0 284;-284
828 KEY_A 0;0 284;-284
829 KEY_B 0;0 284;-284
830 KEY_A 0;0 284;-284
831 KEY_B 0;0 284;-284
832 KEY_A 0;0 284;-284
833 KEY_B 0;0 284;-284
834 KEY_A 0;0 284;-284
835 KEY_B 0;0 284;-284
836 KEY_A 0;0 284;-284
837 KEY_B 0;0 284;-284
838 KEY_A 0;0 284;-284
839 KEY_B 0;0 284;-284
840 KEY_A 0;0 284;-284
841 KEY_B 0;0 284;-284
842 KEY_A 0;0 284;-284
843 KEY_B 0;0 284;-284
844 KEY_A 0;0 284;-284
845 KEY_B 0;0 284;-284
846 KEY_A 0;0 284;-284
847 KEY_B 0;0 284;-284
848 KEY_A 0;0 284;-284
849 KEY_B 0;0 284;-284
850 KEY_A 0;0 284;-284
851 KEY_B 0;0 284;-284
852 KEY_A 0;0 284;-284
853 KEY_B 0;0 284;-284
854 KEY_A 0;0 284;-284
855 KEY_B 0;0 284;-284
856 KEY_A 0;0 284;-284
857 KEY_B 0;0 284;-284
858 KEY_A 0;0 284;-284
859 KEY_B 0;0 284;-284
860 KEY_A 0;0 284;-284
861 KEY_B 0;0 284;-284
862 KEY_A 0;0 284;-284
863 KEY_B 0;0 284;-284
864 KEY_A 0;0 284;-284
865 KEY_B 0;0 284;-284
866 KEY_A 0;0 284;-284
867 KEY_B 0;0 284;-284
868 KEY_A 0;0 284;-284
869 KEY_B 0;0 284;-284
870 KEY_A 0;0 284;-284
871 KEY_B 0;0 284;-284
872 KEY_A 0;0 284;-284
873 KEY_B 0;0 284;-284
874 KEY_A 0;0 284;-284
875 KEY_B 0;0 284;-284
876 KEY_A 0;0 284;-284
877 KEY_B 0;0 284;-284
878 KEY_A 0;0 284;-284
879 KEY_B 0;0 284;-284
880 KEY_A 0;0 284;-284
881 KEY_B 0;0 284;-284
882 KEY_A 0;0 284;-284
883 KEY_B 0;0 284;-284
884 KEY_A 0;0 284;-284
885 KEY_B 0;0 284;-284
886 KEY_A 0;0 284;-284
887 KEY_B 0;0 284;-284
888 KEY_A 0;0 284;-284
889 KEY_B 0;0 284;-284
890 KEY_A 0;0 284;-284
891 KEY_B 0;0 284;-284
892 KEY_A 0;0 284;-284
893 KEY_B 0;0 284;-284
894 KEY_A 0;0 284;-284
895 KEY_B 0;0 284;-284
896 KEY_A 0;0 284;-284
897 KEY_B 0;0 284;-284
898 KEY_A 0;0 284;-284
899 KEY_B 0;0 284;-284
900 KEY_A 0;0 284;-284
901 KEY_B 0;0 284;-284
902 KEY_A 0;0 284;-284
903 KEY_B 0;0 284;-284
904 KEY_A 0;0 284;-284
905 KEY_B 0;0 284;-284
906 KEY_A 0;0 284;-284
907 KEY_B 0;0 284;-284
908 KEY_A 0;0 284;-284
909 KEY_B 0;0 284;-284
910 KEY_A 0;0 284;-284
911 KEY_B 0;0 284;-284
912 KEY_A 0;0 284;-284
913 KEY_B 0;0 284;-284
914 KEY_A 0;0 284;-284
915 KEY_B 0;0 284;-284
916 KEY_A 0;0 284;-284
917 KEY_B 0;0 284;-284
918 KEY_A 0;0 284;-284
919 KEY_B 0;0 284;-284
920 KEY_A 0;0 284;-284
921 KEY_B 0;0 284;-284
922 KEY_A 0;0 284;-284
923 KEY_B 0;0 284;-284
924 KEY_A 0;0 284;-284
925 KEY_B 0;0 284;-284
926 KEY_A 0;0 284;-284
927 KEY_B 0;0 284;-284
928 KEY_A 0;0 284;-284
929 KEY_B 0;0 284;-284
930 KEY_A 0;0 284;-284
931 KEY_B 0;0 284;-284
932 KEY_A 0;0 284;-284
933 KEY_B 0;0 284;-284
934 KEY_A 0;0 284;-284
935 KEY_B 0;0 284;-284
936 KEY_A 0;0 284;-284
937 KEY_B 0;0 284;-284
938 KEY_A 0;0 284;-284
939 KEY_B 0;0 284;-284
940 KEY_A 0;0 284;-284
941 KEY_B 0;0 284;-284
942 KEY_A 0;0 284;-284
943 KEY_B 0;0 284;-284
944 KEY_A 0;0 284;-284
945 KEY_B 0;0 284;-284
946 KEY_A 0;0 284;-284
947 KEY_B 0;0 284;-284
948 KEY_A 0;0 284;-284
949 KEY_B 0;0 284;-284
950 KEY_A 0;0 284;-284
951 KEY_B 0;0 284;-284
952 KEY_A 0;0 284;-284
953 KEY_B 0;0 284;-284
954 KEY_A 0;0 284;-284
955 KEY_B 0;0 284;-284
956 KEY_A 0;0 284;-284
957 KEY_B 0;0 284;-284
958 KEY_A 0;0 284;-284
959 KEY_B 0;0 284;-284
960 KEY_A 0;0 284;-284
961 KEY_B 0;0 284;-284
962 KEY_A 0;0 284;-284
963 KEY_B 0;0 284;-284
964 KEY_A 0;0 284;-284
965 KEY_B 0;0 284;-284
966 KEY_A 0;0 284;-284
967 KEY_B 0;0 284;-284
968 KEY_A 0;0 284;-284
969 KEY_B 0;0 284;-284
970 KEY_A 0;0 284;-284
971 KEY_B 0;0 284;-284
972 KEY_A 0;0 284;-284
973 KEY_B 0;0 284;-284
974 KEY_A 0;0 284;-284
975 KEY_B 0;0 284;-284
976 KEY_A 0;0 284;-284
977 KEY_B 0;0 284;-284
978 KEY_A 0;0 284;-284
979 KEY_B 0;0 284;-284
980 KEY_A 0;0 284;-284
981 KEY_B 0;0 284;-284
982 KEY_A 0;0 284;-284
983 KEY_B 0;0 284;-284
984 KEY_A 0;0 284;-284
985 KEY_B 0;0 284;-284
986 KEY_A 0;0 284;-284
987 KEY_B 0;0 284;-284
988 KEY_A 0;0 284;-284
989 KEY_B 0;0 284;-284
990 KEY_A 0;0 284;-284
991 KEY_B 0;0 284;-284
992 KEY_A 0;0 284;-284
993 KEY_B 0;0 284;-284
994 KEY_A 0;0 284;-284
995 KEY_B 0;0 284;-284
996 KEY_A 0;0 284;-284
997 KEY_B 0;0 284;-284
998 KEY_A 0;0 284;-284
999 KEY_B 0;0 284;-284
1000 KEY_A 0;0 284;-284
1001 KEY_B 0;0 284;-284
1002 KEY_A 0;0 284;-284
1003 KEY_B 0;0 284;-284
1004 KEY_A 0;0 284;-284
1005 KEY_B 0;0 284;-284
1006 KEY_A 0;0 284;-284
1007 KEY_B 0;0 284;-284
1008 KEY_A 0;0 284;-284
1009 KEY_B 0;0 284;-284
1010 KEY_A 0;0 284;-284
1011 KEY_B 0;0 284;-284
1012 KEY_A 0;0 284;-284
1013 KEY_B 0;0 284;-284
1014 KEY_A 0;0 284;-284
1015 KEY_B 0;0 284;-284
1016 KEY_A 0;0 284;-284
1017 KEY_B 0;0 284;-284
1018 KEY_A 0;0 284;-284
1019 KEY_B 0;0 284;-284
1020 KEY_A 0;0 284;-284
1021 KEY_B 0;0 284;-284
1022 KEY_A 0;0 284;-284
1023 KEY_B 0;0 284;-284
1024 KEY_A 0;0 284;-284
1025 KEY_B 0;0 284;-284
1026 KEY_A 0;0 284;-284
1027 KEY_B 0;0 284;-284
1028 KEY_A 0;0 284;-284
1029 KEY_B 0;0 284;-284
1030 KEY_A 0;0 284;-284
1031 KEY_B 0;0 284;-284
1032 KEY_A 0;0 284;-284
1033 KEY_B 0;0 284;-284
1034 KEY_A 0;0 284;-284
1035 KEY_B 0;0 284;-284
1036 KEY_A 0;0 284;-284
1037 KEY_B 0;0 284;-284
1038 KEY_A 0;0 284;-284
1039 KEY_B 0;0 284;-284
1040 KEY_A 0;0 284;-284
1041 KEY_B 0;0 284;-284
1042 KEY_A 0;0 284;-284
1043 KEY_B 0;0 284;-284
1044 KEY_A 0;0 284;-284
1045 KEY_B 0;0 284;-284
1046 KEY_A 0;0 284;-284
1047 KEY_B 0;0 284;-284
1048 KEY_A;KEY_PLUS;KEY_DLEFT 0;0 284;-284
1049 KEY_B;KEY_L;KEY_MINUS;KEY_DRIGHT 0;0 284;-284
1050 KEY_A;KEY_L;KEY_DRIGHT 0;0 284;-284
1051 KEY_B;KEY_L;KEY_DRIGHT 0;0 284;-284
1052 KEY_A;KEY_PLUS;KEY_DLEFT 0;0 284;-284
1053 KEY_B;KEY_MINUS 0;0 284;-284
1054 KEY_A;KEY_MINUS 0;0 284;-284
1055 KEY_B 0;0 284;-284
1056 KEY_A 0;0 284;-284
1057 KEY_B 0;0 284;-284
1058 KEY_A 0;0 284;-284
1059 KEY_B 0;0 284;-284
1060 KEY_A 0;0 284;-284
1061 KEY_B 0;0 284;-284
1062 KEY_A 0;0 284;-284
1063 KEY_B 0;0 284;-284
1064 KEY_A 0;0 284;-284
1065 KEY_B 0;0 284;-284
1066 KEY_A 0;0 284;-284
1067 KEY_B 0;0 284;-284
1068 KEY_A 0;0 284;-284
1069 KEY_B 0;0 284;-284
1070 KEY_A 0;0 284;-284
1071 KEY_B 0;0 284;-284
1072 KEY_A 0;0 284;-284
1073 KEY_B 0;0 284;-284
1074 KEY_A 0;0 284;-284
1075 KEY_B 0;0 284;-284
1076 KEY_A 0;0 284;-284
1077 KEY_B 0;0 284;-284
1078 KEY_A 0;0 284;-284
1079 KEY_B 0;0 284;-284
1080 KEY_A 0;0 284;-284
1081 KEY_B 0;0 284;-284
1082 KEY_A 0;0 284;-284
1083 KEY_B 0;0 284;-284
1084 KEY_A 0;0 284;-284
1085 KEY_B 0;0 284;-284
1086 KEY_A 0;0 284;-284
1087 KEY_B 0;0 284;-284
1088 KEY_A 0;0 284;-284
1089 KEY_B 0;0 284;-284
1090 KEY_A 0;0 284;-284
1091 KEY_B 0;0 284;-284
1092 KEY_A 0;0 284;-284
1093 KEY_B 0;0 284;-284
1094 KEY_A 0;0 284;-284
1095 KEY_DUP 0;0 0;0
1096 KEY_DUP 0;0 0;0
1097 KEY_L;KEY_DUP 0;0 0;0
1098 KEY_ZL;KEY_DUP 0;0 0;0
1099 KEY_L;KEY_DUP 0;0 0;0
1103 KEY_B -1064;32749 0;0
1104 KEY_B -1064;32749 0;0
1105 KEY_B -1064;32749 0;0
1106 KEY_B -1064;32749 0;0
1107 KEY_B -1064;32749 0;0
1108 KEY_B -1064;32749 0;0
1109 KEY_B -1064;32749 0;0
1110 KEY_B -1064;32749 0;0
1111 KEY_B -1064;32749 0;0
1112 KEY_B -1064;32749 0;0
1113 KEY_B -1064;32749 0;0
1114 KEY_B -1064;32749 0;0
1115 KEY_B -1064;32749 0;0
1116 KEY_B -1064;32749 0;0
1117 KEY_B -1064;32749 0;0
1118 KEY_B -1064;32749 0;0
1119 KEY_B -1064;32749 0;0
1120 KEY_B -1064;32749 0;0
1121 KEY_B -1064;32749 0;0
1122 KEY_B -1064;32749 0;0
1123 KEY_B -1064;32749 0;0
1124 KEY_B -1064;32749 0;0
1125 KEY_B -1064;32749 0;0
1126 NONE -1064;32749 0;0
1127 NONE -1064;32749 0;0
1128 NONE -1064;32749 0;0
1129 NONE -23994;22314 0;0
1130 KEY_X -23994;22314 0;0
1134 KEY_L 0;0 0;0
1137 KEY_ZR 0;0 0;0
1139 KEY_DUP 0;0 0;0
1140 KEY_DUP 0;0 0;0
1141 KEY_ZL;KEY_DUP 0;0 0;0
1147 KEY_L 0;0 0;0
1150 KEY_DUP 0;0 0;0
1151 KEY_DUP 0;0 0;0
1152 KEY_ZR;KEY_DUP 0;0 0;0
1157 KEY_L 0;0 0;0
1165 KEY_A 29105;15051 0;0
1166 NONE 29105;15051 0;0
1167 KEY_A 29105;15051 0;0
1168 NONE 29105;15051 0;0
1169 KEY_A 29105;15051 0;0
1170 NONE 29105;15051 0;0
1171 KEY_A 29105;15051 0;0
1172 NONE 29105;15051 0;0
1173 KEY_A 29105;15051 0;0
1174 NONE 29105;15051 0;0
1175 KEY_A 29105;15051 0;0
1176 NONE 29105;15051 0;0
1177 KEY_A 29105;15051 0;0
1178 NONE 29105;15051 0;0
1179 KEY_A 29105;15051 0;0
1180 NONE 29105;15051 0;0
1181 KEY_A 29105;15051 0;0
1182 NONE 29105;15051 0;0
1183 KEY_A 29105;15051 0;0
1184 NONE 29105;15051 0;0
1185 KEY_A 29105;15051 0;0
1186 NONE 29105;15051 0;0
1187 KEY_A 29105;15051 0;0
1188 NONE 29105;15051 0;0
1189 KEY_A 29105;15051 0;0
1190 NONE 29105;15051 0;0
1191 KEY_A 29105;15051 0;0
1192 NONE 29105;15051 0;0
1193 KEY_A 29105;15051 0;0
1194 NONE 29105;15051 0;0
1195 KEY_A 29105;15051 0;0
1196 NONE 29105;15051 0;0
1197 KEY_A 29105;15051 0;0
1198 NONE 29105;15051 0;0
1199 KEY_A 29105;15051 0;0
1200 NONE 29105;15051 0;0
1201 KEY_A 29105;15051 0;0
1202 NONE 29105;15051 0;0
1203 KEY_A 29105;15051 0;0
1204 NONE 29105;15051 0;0
1205 KEY_A 29105;15051 0;0
1206 NONE 29105;15051 0;0
1207 KEY_A 29105;15051 0;0
1208 NONE 29105;15051 0;0
1209 KEY_A 29105;15051 0;0
1210 NONE 29105;15051 0;0
1211 KEY_A 29105;15051 0;0
1212 NONE 29105;15051 0;0
1213 KEY_A 29105;15051 0;0
1214 NONE 29105;15051 0;0
1215 KEY_A 29105;15051 0;0
1216 NONE 29105;15051 0;0
1217 KEY_A 29105;15051 0;0
1218 NONE 29105;15051 0;0
1219 KEY_A 29105;15051 0;0
1220 NONE 29105;15051 0;0
1221 KEY_A 29105;15051 0;0
1222 NONE 29105;15051 0;0
1223 KEY_A 29105;15051 0;0
1224 NONE 29105;15051 0;0
1225 KEY_A 29105;15051 0;0
1226 NONE 29105;15051 0;0
1227 KEY_A 29105;15051 0;0
1228 NONE 29105;15051 0;0
1229 KEY_A 29105;15051 0;0
1230 NONE 29105;15051 0;0
1231 KEY_A 29105;15051 0;0
1232 NONE 29105;15051 0;0
1233 KEY_A 29105;15051 0;0
1234 NONE 29105;15051 0;0
1235 KEY_A 29105;15051 0;0
