0 KEY_B;KEY_X -10598;31005 0;0
1 KEY_B;KEY_PLUS -10598;31005 0;0
2 KEY_B -10598;31005 0;0
3 KEY_B -10598;31005 0;0
4 KEY_B -10598;31005 0;0
5 KEY_B -10598;31005 0;0
6 KEY_B -10598;31005 0;0
7 KEY_B -10598;31005 0;0
8 KEY_B -10598;31005 0;0
9 KEY_B -10598;31005 0;0
10 KEY_B -10598;31005 0;0
11 KEY_B -10598;31005 0;0
12 KEY_B -10598;31005 0;0
13 KEY_B -10598;31005 0;0
14 KEY_B -10598;31005 0;0
15 KEY_B -10598;31005 0;0
16 KEY_B -10598;31005 0;0
17 KEY_B -10598;31005 0;0
18 KEY_B -10598;31005 0;0
19 KEY_B -10598;31005 0;0
20 KEY_B -10598;31005 0;0
21 KEY_B -10598;31005 0;0
22 KEY_B -10598;31005 0;0
23 KEY_B -10598;31005 0;0
24 KEY_B -10598;31005 0;0
25 KEY_B -10598;31005 0;0
26 KEY_B -10598;31005 0;0
27 KEY_B -10598;31005 0;0
28 KEY_B -10598;31005 0;0
29 KEY_B -10598;31005 0;0
30 KEY_B -10598;31005 0;0
31 KEY_B -10598;31005 0;0
32 KEY_B -10598;31005 0;0
33 KEY_B -10598;31005 0;0
34 KEY_B -10598;31005 0;0
35 KEY_B -10598;31005 0;0
36 KEY_B -10598;31005 0;0
37 KEY_B -10598;31005 0;0
38 KEY_B -10598;31005 0;0
39 KEY_B -10598;31005 0;0
40 KEY_B -10598;31005 0;0
41 KEY_B -10598;31005 0;0
42 KEY_B -10598;31005 0;0
43 KEY_B -10598;31005 0;0
44 KEY_B -10598;31005 0;0
45 KEY_B -10598;31005 0;0
46 KEY_B -10598;31005 0;0
47 KEY_B -10598;31005 0;0
48 KEY_B -10598;31005 0;0
49 KEY_B -10598;31005 0;0
50 KEY_B -10598;31005 0;0
51 KEY_B -10598;31005 0;0
52 KEY_B -10598;31005 0;0
53 KEY_B -10598;31005 0;0
54 KEY_B -10598;31005 0;0
55 KEY_B -10598;31005 0;0
56 KEY_B -10598;31005 0;0
57 KEY_B -10598;31005 0;0
58 KEY_B -10598;31005 0;0
59 KEY_B -10598;31005 0;0
60 KEY_B -10598;31005 0;0
61 KEY_B -10598;31005 0;0
62 KEY_B -10598;31005 0;0
63 KEY_B -10598;31005 0;0
64 KEY_B -10598;31005 0;0
65 KEY_B -10598;31005 0;0
66 KEY_B -10598;31005 0;0
67 KEY_B -10598;31005 0;0
68 KEY_B -10598;31005 0;0
69 KEY_B -10598;31005 0;0
70 KEY_B -10598;31005 0;0
71 KEY_B -10598;31005 0;0
72 KEY_B -10598;31005 0;0
73 KEY_B -10598;31005 0;0
74 KEY_B -10598;31005 0;0
75 KEY_B -10598;31005 0;0
76 KEY_B -10598;31005 0;0
77 KEY_B -10598;31005 0;0
78 KEY_B -10598;31005 0;0
79 KEY_B -10598;31005 0;0
80 KEY_B -10598;31005 0;0
81 KEY_B -10598;31005 0;0
82 KEY_B -10598;31005 0;0
83 KEY_B -10598;31005 0;0
84 KEY_B -10598;31005 0;0
85 KEY_B -10598;31005 0;0
86 KEY_B -10598;31005 0;0
87 KEY_B -10598;31005 0;0
88 KEY_B -10598;31005 0;0
89 KEY_B -10598;31005 0;0
90 KEY_B -10598;31005 0;0
91 KEY_B -10598;31005 0;0
92 KEY_B -10598;31005 0;0
93 KEY_B -10598;31005 0;0
94 KEY_B -10598;31005 0;0
95 KEY_B -10598;31005 0;0
96 KEY_B -10598;31005 0;0
97 KEY_B -10598;31005 0;0
98 KEY_B -10598;31005 0;0
99 KEY_B -10598;31005 0;0
100 KEY_B -10598;31005 0;0
101 KEY_B -10598;31005 0;0
102 KEY_B -10598;31005 0;0
103 KEY_B -10598;31005 0;0
104 KEY_B -10598;31005 0;0
105 KEY_B -10598;31005 0;0
106 KEY_B -10598;31005 0;0
107 KEY_B -10598;31005 0;0
108 KEY_A;KEY_B -10598;31005 0;0
109 NONE -10598;31005 0;0
110 NONE -10598;31005 0;0
145 KEY_A 0;0 0;0
146 KEY_B 0;0 0;0
147 KEY_A 0;0 0;0
148 KEY_B 0;0 0;0
149 KEY_A 0;0 0;0
150 KEY_B 0;0 0;0
151 KEY_A 0;0 0;0
152 KEY_B 0;0 0;0
153 KEY_A 0;0 0;0
154 KEY_B 0;0 0;0
155 KEY_A 0;0 0;0
156 KEY_B 0;0 0;0
157 KEY_A 0;0 0;0
158 KEY_B 0;0 0;0
159 KEY_A 0;0 0;0
160 KEY_B 0;0 0;0
161 KEY_A 0;0 0;0
162 KEY_B 0;0 0;0
163 KEY_A 0;0 0;0
164 KEY_B 0;0 0;0
165 KEY_A 0;0 0;0
166 KEY_B 0;0 0;0
167 KEY_A 0;0 0;0
168 KEY_B 0;0 0;0
169 KEY_A 0;0 0;0
170 KEY_B 0;0 0;0
171 KEY_A 0;0 0;0
172 KEY_B 0;0 0;0
173 KEY_A 0;0 0;0
174 KEY_B 0;0 0;0
175 KEY_A 0;0 0;0
176 KEY_B 0;0 0;0
177 KEY_A 0;0 0;0
178 KEY_B 0;0 0;0
179 KEY_A 0;0 0;0
180 KEY_B 0;0 0;0
181 KEY_A 0;0 0;0
182 KEY_B 0;0 0;0
183 KEY_A 0;0 0;0
184 KEY_B 0;0 0;0
185 KEY_A 0;0 0;0
186 KEY_B 0;0 0;0
187 KEY_A 0;0 0;0
188 KEY_B 0;0 0;0
189 KEY_A 0;0 0;0
190 KEY_B 0;0 0;0
191 KEY_A 0;0 0;0
192 KEY_B 0;0 0;0
193 KEY_A 0;0 0;0
194 KEY_B 0;0 0;0
195 KEY_A 0;0 0;0
196 KEY_B 0;0 0;0
197 KEY_A 0;0 0;0
198 KEY_B 0;0 0;0
199 KEY_A 0;0 0;0
200 KEY_B 0;0 0;0
201 KEY_A 0;0 0;0
202 KEY_B 0;0 0;0
203 KEY_A 0;0 0;0
204 KEY_B 0;0 0;0
205 KEY_A 0;0 0;0
206 KEY_B 0;0 0;0
207 KEY_A 0;0 0;0
208 KEY_B 0;0 0;0
209 KEY_A 0;0 0;0
210 KEY_B 0;0 0;0
211 KEY_A 0;0 0;0
212 KEY_B 0;0 0;0
213 KEY_A 0;0 0;0
214 KEY_B 0;0 0;0
215 KEY_A 0;0 0;0
216 KEY_B 0;0 0;0
217 KEY_A 0;0 0;0
218 KEY_B 0;0 0;0
219 KEY_A 0;0 0;0
220 KEY_B 0;0 0;0
221 KEY_A 0;0 0;0
222 KEY_B 0;0 0;0
223 KEY_A 0;0 0;0
224 KEY_B 0;0 0;0
225 KEY_A 0;0 0;0
226 KEY_B 0;0 0;0
227 KEY_A 0;0 0;0
228 KEY_B 0;0 0;0
229 KEY_A 0;0 0;0
230 KEY_B 0;0 0;0
231 KEY_A 0;0 0;0
232 KEY_B 0;0 0;0
233 KEY_A 0;0 0;0
234 KEY_B 0;0 0;0
235 KEY_A 0;0 0;0
236 KEY_B 0;0 0;0
237 KEY_A 0;0 0;0
238 KEY_B 0;0 0;0
239 KEY_A 0;0 0;0
240 KEY_B 0;0 0;0
241 KEY_A 0;0 0;0
242 KEY_B 0;0 0;0
243 KEY_A 0;0 0;0
244 KEY_B 0;0 0;0
245 KEY_A 0;0 0;0
246 KEY_B 0;0 0;0
247 KEY_A 0;0 0;0
248 KEY_B 0;0 0;0
249 KEY_A 0;0 0;0
250 KEY_B 0;0 0;0
251 KEY_A 0;0 0;0
252 KEY_B 0;0 0;0
253 KEY_A 0;0 0;0
254 KEY_B 0;0 0;0
255 KEY_A 0;0 0;0
256 KEY_B 0;0 0;0
257 KEY_A 0;0 0;0
258 KEY_B 0;0 0;0
259 KEY_A 0;0 0;0
260 KEY_B 0;0 0;0
261 KEY_A 0;0 0;0
262 KEY_B 0;0 0;0
263 KEY_A 0;0 0;0
264 KEY_B 0;0 0;0
265 KEY_A 0;0 0;0
266 KEY_B 0;0 0;0
267 KEY_A 0;0 0;0
268 KEY_B 0;0 0;0
269 KEY_A 0;0 0;0
270 KEY_B 0;0 0;0
271 KEY_A 0;0 0;0
272 KEY_B 0;0 0;0
273 KEY_A 0;0 0;0
274 KEY_B 0;0 0;0
275 KEY_A 0;0 0;0
276 KEY_B 0;0 0;0
277 KEY_A 0;0 0;0
278 KEY_B 0;0 0;0
279 KEY_A 0;0 0;0
280 KEY_B 0;0 0;0
281 KEY_A 0;0 0;0
282 KEY_B 0;0 0;0
283 KEY_A 0;0 0;0
284 KEY_B 0;0 0;0
285 KEY_A 0;0 0;0
286 KEY_B 0;0 0;0
287 KEY_A 0;0 0;0
288 KEY_B 0;0 0;0
289 KEY_A 0;0 0;0
290 KEY_B 0;0 0;0
291 KEY_A 0;0 0;0
292 KEY_B 0;0 0;0
293 KEY_A 0;0 0;0
294 KEY_B 0;0 0;0
295 KEY_A 0;0 0;0
296 KEY_B 0;0 0;0
297 KEY_A 0;0 0;0
298 KEY_B 0;0 0;0
299 KEY_A 0;0 0;0
300 KEY_B 0;0 0;0
301 KEY_A 0;0 0;0
302 KEY_B 0;0 0;0
303 KEY_A 0;0 0;0
304 KEY_B 0;0 0;0
305 KEY_A 0;0 0;0
306 KEY_B 0;0 0;0
307 KEY_A 0;0 0;0
308 KEY_B 0;0 0;0
309 KEY_A 0;0 0;0
310 KEY_B 0;0 0;0
311 KEY_A 0;0 0;0
312 KEY_B 0;0 0;0
313 KEY_A 0;0 0;0
314 KEY_B 0;0 0;0
315 KEY_A 0;0 0;0
316 KEY_B 0;0 0;0
317 KEY_A 0;0 0;0
318 KEY_B 0;0 0;0
319 KEY_A 0;0 0;0
320 KEY_B 0;0 0;0
321 KEY_A 0;0 0;0
322 KEY_B 0;0 0;0
323 KEY_A 0;0 0;0
324 KEY_B 0;0 0;0
325 KEY_A 0;0 0;0
326 KEY_B 0;0 0;0
327 KEY_A 0;0 0;0
328 KEY_B 0;0 0;0
329 KEY_A 0;0 0;0
330 KEY_B 0;0 0;0
331 KEY_A 0;0 0;0
332 KEY_B 0;0 0;0
333 KEY_A 0;0 0;0
334 KEY_B 0;0 0;0
335 KEY_A 0;0 0;0
336 KEY_B 0;0 0;0
337 KEY_A 0;0 0;0
338 KEY_B 0;0 0;0
339 KEY_A 0;0 0;0
340 KEY_B 0;0 0;0
341 KEY_A 0;0 0;0
342 KEY_B 0;0 0;0
343 KEY_A 0;0 0;0
344 KEY_B 0;0 0;0
345 KEY_A 0;0 0;0
346 KEY_B 0;0 0;0
347 KEY_A 0;0 0;0
348 KEY_B 0;0 0;0
349 KEY_A 0;0 0;0
350 KEY_B 0;0 0;0
351 KEY_A 0;0 0;0
352 KEY_B 0;0 0;0
353 KEY_A 0;0 0;0
354 KEY_B 0;0 0;0
355 KEY_A 0;0 0;0
356 KEY_B 0;0 0;0
357 KEY_A 0;0 0;0
358 KEY_B 0;0 0;0
359 KEY_A 0;0 0;0
360 KEY_B 0;0 0;0
361 KEY_A 0;0 0;0
362 KEY_B 0;0 0;0
363 KEY_A 0;0 0;0
364 KEY_B 0;0 0;0
365 KEY_A 0;0 0;0
366 KEY_B 0;0 0;0
367 KEY_A 0;0 0;0
368 KEY_B 0;0 0;0
369 KEY_A 0;0 0;0
370 KEY_B 0;0 0;0
371 KEY_A 0;0 0;0
372 KEY_B 0;0 0;0
373 KEY_A 0;0 0;0
374 KEY_B 0;0 0;0
375 KEY_A 0;0 0;0
376 KEY_B 0;0 0;0
377 KEY_A 0;0 0;0
378 KEY_B 0;0 0;0
379 KEY_A 0;0 0;0
380 KEY_B 0;0 0;0
381 KEY_A 0;0 0;0
382 KEY_B 0;0 0;0
383 KEY_A 0;0 0;0
384 KEY_B 0;0 0;0
385 KEY_A 0;0 0;0
386 KEY_B 0;0 0;0
387 KEY_A 0;0 0;0
388 KEY_B 0;0 0;0
389 KEY_A 0;0 0;0
390 KEY_B 0;0 0;0
391 KEY_A 0;0 0;0
392 KEY_B 0;0 0;0
393 KEY_A 0;0 0;0
394 KEY_B 0;0 0;0
395 KEY_A 0;0 0;0
396 KEY_B 0;0 0;0
397 KEY_A 0;0 0;0
398 KEY_B 0;0 0;0
399 KEY_A 0;0 0;0
400 KEY_B 0;0 0;0
401 KEY_A 0;0 0;0
402 KEY_B 0;0 0;0
403 KEY_A 0;0 0;0
404 KEY_B 0;0 0;0
405 KEY_A 0;0 0;0
406 KEY_B 0;0 0;0
407 KEY_A 0;0 0;0
408 KEY_B 0;0 0;0
409 KEY_A 0;0 0;0
410 KEY_B 0;0 0;0
411 KEY_A 0;0 0;0
412 KEY_B 0;0 0;0
413 KEY_A 0;0 0;0
414 KEY_B 0;0 0;0
415 KEY_A 0;0 0;0
416 KEY_B 0;0 0;0
417 KEY_A 0;0 0;0
418 KEY_B 0;0 0;0
419 KEY_A 0;0 0;0
420 KEY_B 0;0 0;0
421 KEY_A 0;0 0;0
422 KEY_B 0;0 0;0
423 KEY_A 0;0 0;0
424 KEY_B 0;0 0;0
425 KEY_A 0;0 0;0
426 KEY_B 0;0 0;0
427 KEY_A 0;0 0;0
428 KEY_B 0;0 0;0
429 KEY_A 0;0 0;0
430 KEY_B 0;0 0;0
431 KEY_A 0;0 0;0
432 KEY_B 0;0 0;0
433 KEY_A 0;0 0;0
434 KEY_B 0;0 0;0
435 KEY_A 0;0 0;0
436 KEY_B 0;0 0;0
437 KEY_A 0;0 0;0
438 KEY_B 0;0 0;0
439 KEY_A 0;0 0;0
440 KEY_B 0;0 0;0
441 KEY_A 0;0 0;0
442 KEY_B 0;0 0;0
443 KEY_A 0;0 0;0
444 KEY_B 0;0 0;0
445 KEY_A 0;0 0;0
446 KEY_B 0;0 0;0
447 KEY_A 0;0 0;0
448 KEY_B 0;0 0;0
449 KEY_A 0;0 0;0
450 KEY_B 0;0 0;0
451 KEY_A 0;0 0;0
452 KEY_B 0;0 0;0
453 KEY_A 0;0 0;0
454 KEY_B 0;0 0;0
455 KEY_A 0;0 0;0
456 KEY_B 0;0 0;0
457 KEY_A 0;0 0;0
458 KEY_B 0;0 0;0
459 KEY_A 0;0 0;0
460 KEY_B 0;0 0;0
461 KEY_A 0;0 0;0
462 KEY_B 0;0 0;0
463 KEY_A 0;0 0;0
464 KEY_B 0;0 0;0
465 KEY_A 0;0 0;0
466 KEY_B 0;0 0;0
467 KEY_A 0;0 0;0
468 KEY_B 0;0 0;0
469 KEY_A 0;0 0;0
470 KEY_B 0;0 0;0
471 KEY_A 0;0 0;0
472 KEY_B 0;0 0;0
473 KEY_A 0;0 0;0
474 KEY_B 0;0 0;0
475 KEY_A 0;0 0;0
476 KEY_B 0;0 0;0
477 KEY_A 0;0 0;0
478 KEY_B 0;0 0;0
479 KEY_A 0;0 0;0
480 KEY_B 0;0 0;0
481 KEY_A 0;0 0;0
482 KEY_B 0;0 0;0
483 KEY_A 0;0 0;0
484 KEY_B 0;0 0;0
485 KEY_A 0;0 0;0
486 KEY_B 0;0 0;0
487 KEY_A 0;0 0;0
488 KEY_B 0;0 0;0
489 KEY_A 0;0 0;0
490 KEY_B 0;0 0;0
491 KEY_A 0;0 0;0
492 KEY_B 0;0 0;0
493 KEY_A 0;0 0;0
494 KEY_B 0;0 0;0
495 KEY_A 0;0 0;0
496 KEY_B 0;0 0;0
497 KEY_A 0;0 0;0
498 KEY_B 0;0 0;0
499 KEY_A 0;0 0;0
500 KEY_B 0;0 0;0
501 KEY_A 0;0 0;0
502 KEY_B 0;0 0;0
503 KEY_A 0;0 0;0
504 KEY_B 0;0 0;0
505 KEY_A 0;0 0;0
506 KEY_B 0;0 0;0
507 KEY_A 0;0 0;0
508 KEY_B 0;0 0;0
509 KEY_A 0;0 0;0
510 KEY_B 0;0 0;0
511 KEY_A 0;0 0;0
512 KEY_B 0;0 0;0
513 KEY_A 0;0 0;0
514 KEY_B 0;0 0;0
515 KEY_A 0;0 0;0
516 KEY_B 0;0 0;0
517 KEY_A 0;0 0;0
518 KEY_B 0;0 0;0
519 KEY_A 0;0 0;0
520 KEY_B 0;0 0;0
521 KEY_A 0;0 0;0
522 KEY_B 0;0 0;0
523 KEY_A 0;0 0;0
524 KEY_B 0;0 0;0
525 KEY_A 0;0 0;0
526 KEY_B 0;0 0;0
527 KEY_A 0;0 0;0
528 KEY_B 0;0 0;0
529 KEY_A 0;0 0;0
530 KEY_B 0;0 0;0
531 KEY_A 0;0 0;0
532 KEY_B 0;0 0;0
533 KEY_A 0;0 0;0
534 KEY_B 0;0 0;0
535 KEY_A 0;0 0;0
536 KEY_B 0;0 0;0
537 KEY_A 0;0 0;0
538 KEY_B 0;0 0;0
539 KEY_A 0;0 0;0
540 KEY_B 0;0 0;0
541 KEY_A 0;0 0;0
542 KEY_B 0;0 0;0
543 KEY_A 0;0 0;0
544 KEY_B 0;0 0;0
545 KEY_A 0;0 0;0
546 KEY_B 0;0 0;0
547 KEY_A 0;0 0;0
548 KEY_B 0;0 0;0
549 KEY_A 0;0 0;0
550 KEY_B 0;0 0;0
551 KEY_A 0;0 0;0
552 KEY_B 0;0 0;0
553 KEY_A 0;0 0;0
554 KEY_B 0;0 0;0
555 KEY_A 0;0 0;0
556 KEY_B 0;0 0;0
557 KEY_A 0;0 0;0
558 KEY_B 0;0 0;0
559 KEY_A 0;0 0;0
560 KEY_B 0;0 0;0
561 KEY_A 0;0 0;0
562 KEY_B 0;0 0;0
563 KEY_A 0;0 0;0
564 KEY_B 0;0 0;0
565 KEY_A 0;0 0;0
566 KEY_B 0;0 0;0
567 KEY_A 0;0 0;0
568 KEY_B 0;0 0;0
569 KEY_A 0;0 0;0
570 KEY_B 0;0 0;0
571 KEY_A 0;0 0;0
572 KEY_B 0;0 0;0
573 KEY_A 0;0 0;0
574 KEY_B 0;0 0;0
575 KEY_A 0;0 0;0
576 KEY_B 0;0 0;0
577 KEY_A 0;0 0;0
578 KEY_B 0;0 0;0
579 KEY_A 0;0 0;0
580 KEY_B 0;0 0;0
581 KEY_A 0;0 0;0
582 KEY_B 0;0 0;0
583 KEY_A 0;0 0;0
584 KEY_B 0;0 0;0
585 KEY_A 0;0 0;0
586 KEY_B 0;0 0;0
587 KEY_A 0;0 0;0
588 KEY_B 0;0 0;0
589 KEY_A 0;0 0;0
590 KEY_B 0;0 0;0
591 KEY_A 0;0 0;0
592 KEY_B 0;0 0;0
593 KEY_A 0;0 0;0
594 KEY_B 0;0 0;0
595 KEY_A 0;0 0;0
596 KEY_B 0;0 0;0
597 KEY_A 0;0 0;0
598 KEY_B 0;0 0;0
599 KEY_A 0;0 0;0
600 KEY_B 0;0 0;0
601 KEY_A 0;0 0;0
602 KEY_B 0;0 0;0
603 KEY_A 0;0 0;0
604 KEY_B 0;0 0;0
605 KEY_A 0;0 0;0
606 KEY_B 0;0 0;0
607 KEY_A 0;0 0;0
608 KEY_B 0;0 0;0
609 KEY_A 0;0 0;0
610 KEY_B 0;0 0;0
611 KEY_A 0;0 0;0
612 KEY_B 0;0 0;0
613 KEY_A 0;0 0;0
614 KEY_B 0;0 0;0
615 KEY_A 0;0 0;0
616 KEY_B 0;0 0;0
617 KEY_A 0;0 0;0
618 KEY_B 0;0 0;0
619 KEY_A 0;0 0;0
620 KEY_B 0;0 0;0
621 KEY_A 0;0 0;0
622 KEY_B 0;0 0;0
623 KEY_A 0;0 0;0
624 KEY_B 0;0 0;0
625 KEY_A 0;0 0;0
626 KEY_B 0;0 0;0
627 KEY_A 0;0 0;0
628 KEY_B 0;0 0;0
629 KEY_A 0;0 0;0
630 KEY_B 0;0 0;0
631 KEY_A 0;0 0;0
632 KEY_B 0;0 0;0
633 KEY_A 0;0 0;0
634 KEY_B 0;0 0;0
635 KEY_A 0;0 0;0
636 KEY_B 0;0 0;0
637 KEY_A 0;0 0;0
638 KEY_B 0;0 0;0
639 KEY_A 0;0 0;0
640 KEY_B 0;0 0;0
641 KEY_A 0;0 0;0
642 KEY_B 0;0 0;0
643 KEY_A 0;0 0;0
644 KEY_B 0;0 0;0
645 KEY_A 0;0 0;0
646 KEY_B 0;0 0;0
647 KEY_A 0;0 0;0
648 KEY_B 0;0 0;0
649 KEY_A 0;0 0;0
650 KEY_B 0;0 0;0
651 KEY_A 0;0 0;0
652 KEY_B 0;0 0;0
653 KEY_A 0;0 0;0
654 KEY_B 0;0 0;0
655 KEY_A 0;0 0;0
656 KEY_B 0;0 0;0
657 KEY_A 0;0 0;0
658 KEY_B 0;0 0;0
659 KEY_A 0;0 0;0
660 KEY_B 0;0 0;0
661 KEY_A 0;0 0;0
662 KEY_B 0;0 0;0
663 KEY_A 0;0 0;0
664 KEY_B 0;0 0;0
665 KEY_A 0;0 0;0
666 KEY_B 0;0 0;0
667 KEY_A 0;0 0;0
668 KEY_B 0;0 0;0
669 KEY_A 0;0 0;0
670 KEY_B 0;0 0;0
671 KEY_A 0;0 0;0
672 KEY_B 0;0 0;0
673 KEY_A 0;0 0;0
674 KEY_B 0;0 0;0
675 KEY_A 0;0 0;0
676 KEY_B 0;0 0;0
677 KEY_A 0;0 0;0
678 KEY_B 0;0 0;0
679 KEY_A 0;0 0;0
680 KEY_B 0;0 0;0
681 KEY_A 0;0 0;0
682 KEY_B 0;0 0;0
683 KEY_A 0;0 0;0
684 KEY_B 0;0 0;0
685 KEY_A 0;0 0;0
686 KEY_B 0;0 0;0
687 KEY_A 0;0 0;0
688 KEY_B 0;0 0;0
689 KEY_A 0;0 0;0
690 KEY_B 0;0 0;0
691 KEY_A 0;0 0;0
692 KEY_B 0;0 0;0
693 KEY_A 0;0 0;0
694 KEY_B 0;0 0;0
695 KEY_A 0;0 0;0
696 KEY_B 0;0 0;0
697 KEY_A 0;0 0;0
698 KEY_B 0;0 0;0
699 KEY_A 0;0 0;0
700 KEY_B 0;0 0;0
701 KEY_A 0;0 0;0
702 KEY_B 0;0 0;0
703 KEY_A 0;0 0;0
704 KEY_B 0;0 0;0
705 KEY_A 0;0 0;0
706 KEY_B 0;0 0;0
707 KEY_A 0;0 0;0
708 KEY_B 0;0 0;0
709 KEY_A 0;0 0;0
710 KEY_B 0;0 0;0
711 KEY_A 0;0 0;0
712 KEY_B 0;0 0;0
713 KEY_A 0;0 0;0
714 KEY_B 0;0 0;0
715 KEY_A 0;0 0;0
716 KEY_B 0;0 0;0
717 KEY_A 0;0 0;0
718 KEY_B 0;0 0;0
719 KEY_A 0;0 0;0
720 KEY_B 0;0 0;0
721 KEY_A 0;0 0;0
722 KEY_B 0;0 0;0
723 KEY_A 0;0 0;0
724 KEY_B 0;0 0;0
725 KEY_A 0;0 0;0
726 KEY_B 0;0 0;0
727 KEY_A 0;0 0;0
728 KEY_B 0;0 0;0
729 KEY_A 0;0 0;0
730 KEY_B 0;0 0;0
731 KEY_A 0;0 0;0
732 KEY_B 0;0 0;0
733 KEY_A 0;0 0;0
734 KEY_B 0;0 0;0
735 KEY_A 0;0 0;0
736 KEY_B 0;0 0;0
737 KEY_A 0;0 0;0
738 KEY_B 0;0 0;0
739 KEY_A 0;0 0;0
740 KEY_B 0;0 0;0
741 KEY_A 0;0 0;0
742 KEY_B 0;0 0;0
743 KEY_A 0;0 0;0
744 KEY_B 0;0 0;0
745 KEY_A 0;0 0;0
746 KEY_B 0;0 0;0
747 KEY_A 0;0 0;0
748 KEY_B 0;0 0;0
749 KEY_A 0;0 0;0
750 KEY_B 0;0 0;0
751 KEY_A 0;0 0;0
752 KEY_B 0;0 0;0
753 KEY_A 0;0 0;0
754 KEY_B 0;0 0;0
755 KEY_A 0;0 0;0
756 KEY_B 0;0 0;0
757 KEY_A 0;0 0;0
758 KEY_B 0;0 0;0
759 KEY_A 0;0 0;0
760 KEY_B 0;0 0;0
761 KEY_A 0;0 0;0
762 KEY_B 0;0 0;0
763 KEY_A 0;0 0;0
764 KEY_B 0;0 0;0
765 KEY_A 0;0 0;0
766 KEY_B 0;0 0;0
767 KEY_A 0;0 0;0
768 KEY_B 0;0 0;0
769 KEY_A 0;0 0;0
770 KEY_B 0;0 0;0
771 KEY_A 0;0 0;0
772 KEY_B 0;0 0;0
773 KEY_A 0;0 0;0
774 KEY_B 0;0 0;0
775 KEY_A 0;0 0;0
776 KEY_B 0;0 0;0
777 KEY_A 0;0 0;0
778 KEY_B 0;0 0;0
779 KEY_A 0;0 0;0
780 KEY_B 0;0 0;0
781 KEY_A 0;0 0;0
782 KEY_B 0;0 0;0
783 KEY_A 0;0 0;0
784 KEY_B 0;0 0;0
785 KEY_A 0;0 0;0
786 KEY_B 0;0 0;0
787 KEY_A 0;0 0;0
788 KEY_B 0;0 0;0
789 KEY_A 0;0 0;0
790 KEY_B 0;0 0;0
791 KEY_A 0;0 0;0
792 KEY_B 0;0 0;0
793 KEY_A 0;0 0;0
794 KEY_B 0;0 0;0
795 KEY_A 0;0 0;0
796 KEY_B 0;0 0;0
797 KEY_A 0;0 0;0
798 KEY_B 0;0 0;0
799 KEY_A 0;0 0;0
800 KEY_B 0;0 0;0
801 KEY_A 0;0 0;0
802 KEY_B 0;0 0;0
803 KEY_A 0;0 0;0
804 KEY_B 0;0 0;0
805 KEY_A 0;0 0;0
806 KEY_B 0;0 0;0
807 KEY_A 0;0 0;0
808 KEY_B 0;0 0;0
809 KEY_A 0;0 0;0
810 KEY_B 0;0 0;0
811 KEY_A 0;0 0;0
812 KEY_B 0;0 0;0
813 KEY_A 0;0 0;0
814 KEY_B 0;0 0;0
815 KEY_A 0;0 0;0
816 KEY_B 0;0 0;0
817 KEY_A 0;0 0;0
818 KEY_B 0;0 0;0
819 KEY_A 0;0 0;0
820 KEY_B 0;0 0;0
821 KEY_A 0;0 0;0
822 KEY_B 0;0 0;0
823 KEY_A 0;0 0;0
824 KEY_B 0;0 0;0
825 KEY_A 0;0 0;0
826 KEY_B 0;0 0;0
827 KEY_A 0;0 0;0
828 KEY_B 0;0 0;0
829 KEY_A 0;0 0;0
830 KEY_B 0;0 0;0
831 KEY_A 0;0 0;0
832 KEY_B 0;0 0;0
833 KEY_A 0;0 0;0
834 KEY_B 0;0 0;0
835 KEY_A 0;0 0;0
836 KEY_B 0;0 0;0
837 KEY_A 0;0 0;0
838 KEY_B 0;0 0;0
839 KEY_A 0;0 0;0
840 KEY_B 0;0 0;0
841 KEY_A 0;0 0;0
842 KEY_B 0;0 0;0
843 KEY_A 0;0 0;0
844 KEY_B 0;0 0;0
845 KEY_A 0;0 0;0
846 KEY_B 0;0 0;0
847 KEY_A 0;0 0;0
848 KEY_B 0;0 0;0
849 KEY_A 0;0 0;0
850 KEY_B 0;0 0;0
851 KEY_A 0;0 0;0
852 KEY_B 0;0 0;0
853 KEY_A 0;0 0;0
854 KEY_B 0;0 0;0
855 KEY_A 0;0 0;0
856 KEY_B 0;0 0;0
857 KEY_A 0;0 0;0
858 KEY_B 0;0 0;0
859 KEY_A 0;0 0;0
860 KEY_B 0;0 0;0
861 KEY_A 0;0 0;0
862 KEY_B 0;0 0;0
863 KEY_A 0;0 0;0
864 KEY_B 0;0 0;0
865 KEY_A 0;0 0;0
866 KEY_B 0;0 0;0
867 KEY_A 0;0 0;0
868 KEY_B 0;0 0;0
869 KEY_A 0;0 0;0
870 KEY_B 0;0 0;0
871 KEY_A 0;0 0;0
872 KEY_B 0;0 0;0
873 KEY_A 0;0 0;0
874 KEY_B 0;0 0;0
875 KEY_A 0;0 0;0
876 KEY_B 0;0 0;0
877 KEY_A 0;0 0;0
878 KEY_B 0;0 0;0
879 KEY_A 0;0 0;0
880 KEY_B 0;0 0;0
881 KEY_A 0;0 0;0
882 KEY_B 0;0 0;0
883 KEY_A 0;0 0;0
884 KEY_B 0;0 0;0
885 KEY_A 0;0 0;0
886 KEY_B 0;0 0;0
887 KEY_A 0;0 0;0
888 KEY_B 0;0 0;0
889 KEY_A 0;0 0;0
890 KEY_B 0;0 0;0
891 KEY_A 0;0 0;0
892 KEY_B 0;0 0;0
893 KEY_A 0;0 0;0
894 KEY_B 0;0 0;0
895 KEY_A 0;0 0;0
896 KEY_B 0;0 0;0
897 KEY_A 0;0 0;0
898 KEY_B 0;0 0;0
899 KEY_A 0;0 0;0
900 KEY_B 0;0 0;0
901 KEY_A 0;0 0;0
902 KEY_B 0;0 0;0
903 KEY_A 0;0 0;0
904 KEY_B 0;0 0;0
905 KEY_A 0;0 0;0
906 KEY_B 0;0 0;0
907 KEY_A 0;0 0;0
908 KEY_B 0;0 0;0
909 KEY_A 0;0 0;0
910 KEY_B 0;0 0;0
911 KEY_A 0;0 0;0
912 KEY_B 0;0 0;0
913 KEY_A 0;0 0;0
914 KEY_B 0;0 0;0
915 KEY_A 0;0 0;0
916 KEY_B 0;0 0;0
917 KEY_A 0;0 0;0
918 KEY_B 0;0 0;0
919 KEY_A 0;0 0;0
920 KEY_B 0;0 0;0
921 KEY_A 0;0 0;0
922 KEY_B 0;0 0;0
923 KEY_A 0;0 0;0
924 KEY_B 0;0 0;0
925 KEY_A 0;0 0;0
926 KEY_B 0;0 0;0
927 KEY_A 0;0 0;0
928 KEY_B 0;0 0;0
929 KEY_A 0;0 0;0
930 KEY_B 0;0 0;0
931 KEY_A 0;0 0;0
932 KEY_B 0;0 0;0
933 KEY_A 0;0 0;0
934 KEY_B 0;0 0;0
935 KEY_A 0;0 0;0
936 KEY_B 0;0 0;0
937 KEY_A 0;0 0;0
938 KEY_B 0;0 0;0
939 KEY_A 0;0 0;0
940 KEY_B 0;0 0;0
941 KEY_A 0;0 0;0
942 KEY_B 0;0 0;0
943 KEY_A 0;0 0;0
944 KEY_B 0;0 0;0
945 KEY_A 0;0 0;0
946 KEY_B 0;0 0;0
947 KEY_A 0;0 0;0
948 KEY_B 0;0 0;0
1224 KEY_RSTICK 0;0 0;0
1238 KEY_Y;KEY_ZR;KEY_ZL;KEY_R;KEY_MINUS;KEY_DUP;KEY_DDOWN;KEY_LSTICK 0;0 0;0
1239 KEY_X;KEY_Y;KEY_ZR;KEY_ZL;KEY_R;KEY_PLUS;KEY_DLEFT;KEY_DUP;KEY_LSTICK 0;0 0;0
1240 KEY_X;KEY_Y;KEY_PLUS;KEY_DLEFT;KEY_DUP;KEY_LSTICK 0;0 0;0
1241 KEY_X;KEY_Y;KEY_ZR;KEY_PLUS;KEY_DLEFT;KEY_DUP;KEY_LSTICK 0;0 0;0
1242 KEY_Y;KEY_ZR;KEY_ZL;KEY_PLUS;KEY_DLEFT;KEY_DUP;KEY_DDOWN 0;0 0;0
1243 KEY_ZR;KEY_ZL;KEY_R;KEY_PLUS;KEY_DLEFT;KEY_DUP;KEY_LSTICK 0;0 0;0
1244 KEY_ZL;KEY_R;KEY_PLUS;KEY_DLEFT;KEY_DUP;KEY_LSTICK 0;0 0;0
1245 KEY_ZL;KEY_R;KEY_PLUS;KEY_DLEFT;KEY_DUP;KEY_LSTICK 0;0 0;0
1246 KEY_ZL;KEY_R;KEY_PLUS;KEY_DLEFT;KEY_DUP;KEY_LSTICK 0;0 0;0
1247 KEY_X;KEY_Y;KEY_ZR;KEY_ZL;KEY_R;KEY_PLUS;KEY_DLEFT;KEY_DUP;KEY_LSTICK 0;0 0;0
1248 KEY_X;KEY_Y;KEY_ZR;KEY_ZL;KEY_MINUS;KEY_DUP;KEY_LSTICK 0;0 0;0
1280 KEY_R 29838;13540 0;0
1281 NONE 29838;13540 0;0
1282 KEY_B 29838;13540 0;0
1283 KEY_B 29838;13540 0;0
1284 KEY_B 29838;13540 0;0
1285 KEY_B 29838;13540 0;0
1286 KEY_B 29838;13540 0;0
1287 KEY_B 29838;13540 0;0
1288 KEY_B 29838;13540 0;0
1289 KEY_B 29838;13540 0;0
1290 KEY_B 29838;13540 0;0
1291 KEY_B 29838;13540 -4273;284
1292 KEY_B 29838;13540 0;0
1293 KEY_B 29838;13540 0;0
1294 KEY_B 29838;13540 0;0
1295 KEY_B 29838;13540 0;0
1296 KEY_B 29838;13540 0;0
1297 KEY_B 29838;13540 0;0
1298 KEY_B 29838;13540 0;0
1299 KEY_B 29838;13540 -32767;0
1300 KEY_B 29838;13540 -32767;0
1301 KEY_B 29838;13540 -32767;0
1302 KEY_B 30890;10930 -32767;0
1303 KEY_B 30890;10930 -32767;0
1304 KEY_B 30890;10930 -32767;0
1305 KEY_B 32660;2633 -32767;0
1306 KEY_B 32660;2633 -32767;0
1307 KEY_B 32660;2633 -32767;0
1308 KEY_B 32757;791 -32767;0
1309 KEY_B 32757;791 -32767;0
1310 KEY_B 32757;791 -32767;0
1311 KEY_B 32701;-2075 -32767;0
1312 KEY_B 32701;-2075 -32767;0
1313 KEY_B;KEY_X 32701;-2075 -32767;0
1314 KEY_B 32159;-6280 -32767;0
1315 KEY_B 32159;-6280 -32767;0
1316 KEY_B 32159;-6280 -32767;0
1317 KEY_B 32121;-6470 -32767;0
1318 KEY_B 32121;-6470 -32767;0
1319 KEY_B 28393;-16354 -32767;0
1320 KEY_B 28393;-16354 -32767;0
1321 KEY_B 28393;-16354 -32767;0
1322 KEY_B 22444;-23872 -32767;0
1323 KEY_B 22444;-23872 -32767;0
1324 KEY_B 12441;-30312 -32767;0
1325 KEY_B 12441;-30312 -32767;0
1326 KEY_B -5520;-32298 -32767;0
1327 KEY_B -5520;-32298 -13702;0
1328 KEY_B -3590;-32569 0;0
1329 KEY_B -3590;-32569 0;0
1330 KEY_B -3590;-32569 0;0
1331 KEY_B -3590;-32569 0;0
1332 KEY_B -3590;-32569 0;0
1333 KEY_B -3590;-32569 0;0
1334 KEY_B -3590;-32569 0;0
1335 NONE -3590;-32569 0;0
1336 NONE -3590;-32569 0;0
1337 NONE -3590;-32569 0;0
1338 NONE -3590;-32569 0;0
1339 NONE -3590;-32569 0;0
1340 KEY_RSTICK -3590;-32569 0;0
1349 NONE -19588;20753 0;0
1350 NONE -22761;23570 0;0
1351 NONE -23473;22861 0;0
1352 NONE -23502;22831 0;0
1353 NONE -23578;22753 0;0
1354 NONE -24935;21258 0;0
1355 NONE -25319;20798 0;0
1356 KEY_B -25659;20377 0;0
1357 KEY_B -26451;19338 0;0
1358 KEY_B -27139;18360 0;0
1359 KEY_B -27768;17394 0;0
1360 KEY_B -27808;17330 0;0
1361 KEY_B -27853;17258 0;0
1362 KEY_B -27834;17289 -27607;-17650
1363 KEY_B -27851;17262 -28353;-16424
1364 KEY_B -27680;17535 -29022;-15210
1365 KEY_B -27383;17995 -29385;-14498
1366 KEY_B -27329;18076 -29673;-13897
1367 KEY_B -27029;18522 -30458;-12080
1368 KEY_B -26779;18882 -30649;-11589
1369 KEY_B -26139;19758 -30658;-11564
1370 KEY_B -25405;20694 -30654;-11575
1371 KEY_B -24961;21227 -30555;-11834
1372 KEY_B -23671;22657 -30489;-12002
1373 KEY_B -21910;24364 -30433;-12143
1374 KEY_B -20665;25428 -30343;-12368
1375 KEY_B -13286;26617 -29994;-13192
1376 KEY_B -10322;27983 -29684;-13873
1377 KEY_B -2464;32025 -29444;-14377
1378 KEY_B 2240;32286 -29369;-14530
1379 KEY_B 5431;31760 -29285;-14697
1380 KEY_B 7877;31698 -29216;-14834
1381 KEY_B 11636;30631 -29188;-14889
1382 KEY_B 12614;30241 -30505;-11962
1383 KEY_B 14672;29298 -18426;-1619
1384 KEY_B 16143;28514 0;0
1385 KEY_B 16183;28491 0;0
1386 KEY_B 16199;28482 0;0
1387 KEY_B 16190;28487 0;0
1388 KEY_B 16313;28417 0;0
1389 KEY_B 16321;28412 0;0
1390 KEY_B 16020;28583 0;0
1391 KEY_B 14697;29285 0;0
1392 KEY_B 13434;29393 0;0
1393 KEY_B 11700;29649 0;0
1394 KEY_B 10399;29936 0;0
1395 KEY_B 9537;30151 0;0
1396 KEY_B 8005;30611 0;0
1397 KEY_DDOWN 6268;31009 0;0
1398 KEY_DDOWN 2816;31501 0;0
1399 KEY_B;KEY_DDOWN 335;31734 0;0
1400 KEY_B;KEY_DDOWN 629;31687 0;0
1401 KEY_B;KEY_DDOWN 6390;31781 0;0
1402 KEY_DDOWN 7490;31770 0;0
1403 KEY_DDOWN 7488;31722 0;0
1404 KEY_DDOWN 7442;31720 0;0
1405 KEY_B;KEY_DDOWN 7437;31624 0;0
1406 KEY_B;KEY_DDOWN 7438;31647 0;0
1407 KEY_DDOWN 6930;31571 0;0
1408 KEY_DDOWN 3183;31752 0;0
1409 KEY_B;KEY_DDOWN -1738;32012 0;0
1410 KEY_B;KEY_DDOWN -2733;32054 0;0
1411 KEY_DDOWN -5562;32101 0;0
1412 KEY_DDOWN -6336;32138 0;0
1413 KEY_DDOWN -6355;32144 -25227;20910
1414 KEY_DDOWN -6399;32136 -25221;20917
1415 KEY_DDOWN -6357;32115 -25350;20760
1416 KEY_B;KEY_DDOWN -6356;32091 -25837;20152
1417 KEY_B;KEY_DDOWN -7791;31827 -27620;17628
1418 KEY_B;KEY_DDOWN -10401;31072 -28488;16188
1419 KEY_DDOWN -11129;30818 -29527;13009
1420 KEY_DDOWN -11236;30780 -28869;12006
1421 KEY_B;KEY_DDOWN -11271;30767 -26445;12067
1422 KEY_B;KEY_DDOWN -11272;30767 -24262;11376
1423 KEY_B;KEY_DDOWN -11266;30769 -20640;7213
1424 KEY_DDOWN -11129;30818 -16702;1187
1425 KEY_DDOWN -11029;30855 -14595;189
1426 KEY_DDOWN -10814;30931 -13096;2559
1427 KEY_B;KEY_DDOWN -9573;31337 -10626;3185
1428 KEY_B;KEY_DDOWN -7575;31879 -7563;2306
1429 KEY_DDOWN -5254;32232 -4683;682
1430 KEY_DDOWN -1889;32499 -2057;-173
1431 KEY_DDOWN -1164;32513 -1230;-109
1432 KEY_B;KEY_DDOWN -1039;32464 -925;98
1433 KEY_B;KEY_DDOWN -1309;32466 -522;90
1434 KEY_B;KEY_DDOWN -2202;32576 -267;48
1435 KEY_DDOWN -4808;32412 -234;37
1436 KEY_DDOWN -8288;31701 -353;34
1437 KEY_B;KEY_DDOWN -9493;31361 -927;235
1438 KEY_B;KEY_DDOWN -10588;31008 -1364;386
1439 KEY_B;KEY_DDOWN -11019;30858 -1386;372
1440 KEY_B;KEY_DDOWN -11007;30862 -1525;306
1441 KEY_DDOWN -11048;30848 -6436;-1011
1442 KEY_DDOWN -11031;30854 -6621;-887
1443 KEY_B;KEY_DDOWN -11048;30848 -6470;-216
1444 KEY_B;KEY_DDOWN -11054;30846 -6470;-193
1445 KEY_B;KEY_DDOWN -11077;30837 -6496;-205
1446 KEY_B;KEY_DDOWN -11106;30827 -6453;-374
1447 KEY_DDOWN -11059;30844 -8767;-2676
1448 KEY_DDOWN -10836;30923 -9015;-2783
1449 KEY_DDOWN -10172;31148 -8669;-1451
1450 KEY_B;KEY_DDOWN -9608;31326 -7767;-1005
1451 KEY_B;KEY_DDOWN -9558;31341 -7658;-985
1452 KEY_DDOWN -9493;31361 -7706;-1127
1453 KEY_DDOWN -9537;31348 -8269;-2562
1454 KEY_DDOWN -9535;31348 -8286;-2006
1455 KEY_B;KEY_DDOWN -9553;31343 -8093;-1091
1456 KEY_B;KEY_DDOWN -9572;31337 -8161;-1004
1457 KEY_B;KEY_DDOWN -9584;31333 -8141;-1055
1458 KEY_DDOWN -9621;31322 -8221;-1243
1459 KEY_DDOWN -9699;31298 -9867;-2793
1460 KEY_DDOWN -9715;31293 -9661;-1812
1461 KEY_B;KEY_DDOWN -9710;31295 -8905;-779
1462 KEY_B;KEY_DDOWN -9704;31296 -8254;-608
1463 KEY_B;KEY_DDOWN -9718;31292 -8230;-658
1464 KEY_DDOWN -9694;31300 -10627;-4512
1465 KEY_DDOWN -9704;31296 -10558;-2967
1466 KEY_B;KEY_DDOWN -9689;31301 -9166;-2
1467 KEY_B;KEY_DDOWN -9676;31305 -7886;204
1468 KEY_B;KEY_DDOWN -9710;31295 -6202;189
1469 KEY_B;KEY_DDOWN -9710;31295 -6148;167
1470 KEY_DDOWN -9682;31303 -5564;-498
1471 NONE -9704;31296 0;0
1472 NONE -9655;31311 0;0
1473 NONE -9387;31393 0;0
1474 KEY_X -9371;31398 0;0
1475 KEY_X -9374;31397 0;0
1476 KEY_X -8947;31521 0;0
1477 KEY_X -7907;31798 0;0
1478 NONE -7537;31888 0;0
1479 NONE -7021;32005 0;0
1480 NONE -5866;32237 0;0
1481 KEY_X -5529;32296 0;0
1482 KEY_X -4906;32397 0;0
1483 KEY_X -3852;32539 0;0
1484 NONE -2721;32653 0;0
1485 NONE -2385;32680 0;0
1486 KEY_X -2386;32679 0;0
1487 KEY_X -2368;32681 0;0
1488 KEY_X -2363;32681 0;0
1489 NONE -2383;32680 0;0
1490 NONE -2422;32677 0;0
1491 NONE -2451;32675 0;0
1492 KEY_X -2571;32665 0;0
1493 KEY_X -2657;32659 0;0
1494 KEY_X -2740;32652 0;0
1495 NONE -2740;32652 0;0
1496 NONE -2838;32643 0;0
1497 KEY_X -2827;32637 0;0
1498 KEY_X -2821;32645 0;0
1499 KEY_X -2826;32644 0;0
1500 KEY_X -2824;32645 0;0
1501 NONE -2824;32645 0;0
1502 NONE -2848;32637 0;0
1503 KEY_X -2846;32643 0;0
1504 KEY_X -2824;32645 0;0
1505 KEY_X -2845;32643 0;0
1506 NONE -2806;32636 0;0
1507 NONE -4269;32487 0;0
1508 NONE -4627;32438 0;0
1509 NONE -4770;32417 0;0
1510 NONE -4793;32414 -15889;7152
1511 NONE -4687;32430 -31354;9518
1512 NONE -4641;32436 -31375;9448
1513 NONE -4604;32441 -31431;9258
1514 NONE -3221;32598 -31517;8961
1515 NONE -2390;32651 -31531;8914
1516 NONE -2493;32630 -31532;8909
1517 NONE -2474;32673 -31532;8909
1518 NONE -2431;32628 -31528;8924
1519 NONE -2430;32580 -19199;7876
1520 KEY_DDOWN -2473;32604 -6116;3967
1521 KEY_DDOWN -2493;32630 -2259;1589
1522 KEY_DDOWN -2431;32604 -2281;1583
1523 KEY_DDOWN -2474;32653 -463;1005
1524 KEY_DDOWN -2453;32675 0;0
1525 KEY_B;KEY_DDOWN -2411;32652 0;0
1526 KEY_DDOWN -2244;32690 0;0
1527 KEY_B;KEY_DDOWN -1662;32639 0;0
1528 KEY_DDOWN -957;32608 0;0
1529 KEY_B;KEY_DDOWN -23;32580 -7430;-6394
1530 KEY_DDOWN 1926;32595 -6556;-3798
1531 KEY_B;KEY_DDOWN 2904;32590 -2045;-540
1532 KEY_DDOWN 4054;32515 -266;-68
1533 KEY_B;KEY_DDOWN 4556;32448 -134;-36
1534 KEY_DDOWN 4756;32419 -663;-290
1535 KEY_B;KEY_DDOWN 5113;32365 -2843;-1742
1536 KEY_DDOWN 5293;32336 -2917;-1662
1537 KEY_B;KEY_DDOWN 5589;32286 -2232;-698
1538 KEY_DDOWN 5652;32275 -2145;-665
1539 KEY_B;KEY_DDOWN 5589;32286 -2506;-762
1540 KEY_DDOWN 5658;32274 -4600;-1712
1541 KEY_B;KEY_DDOWN 5382;32286 -8115;-3890
1542 KEY_DDOWN 4926;32340 -8095;-3828
1543 KEY_B;KEY_DDOWN 4812;32311 -7790;-2843
1544 KEY_DDOWN 4626;32232 -7765;-2757
1545 KEY_B;KEY_DDOWN 4536;32253 -7739;-2752
1546 KEY_DDOWN 4492;32324 -7879;-2983
1547 KEY_B;KEY_DDOWN 3240;32285 -8958;-4413
1548 KEY_DDOWN 2535;32268 -8959;-4259
1549 KEY_B;KEY_DDOWN 1878;32280 -8061;-2696
1550 KEY_DDOWN -914;32269 -7200;-2316
1551 KEY_B;KEY_DDOWN -1059;32295 -7019;-2274
1552 KEY_DDOWN -1059;32319 -7065;-2423
1553 KEY_B;KEY_DDOWN -1038;32246 -7482;-3609
1554 KEY_DDOWN -872;32245 -7434;-3598
1555 KEY_B;KEY_DDOWN 291;32266 -5694;-2114
1556 KEY_DDOWN 3079;32208 -4086;-1552
1557 KEY_B;KEY_DDOWN 4966;32124 -3671;-1449
1558 KEY_DDOWN 5599;31984 -3781;-1570
1559 KEY_B;KEY_DDOWN 6073;31814 -4143;-2148
1560 KEY_DDOWN 6827;31829 -4159;-2142
1561 KEY_B;KEY_DDOWN 7626;31730 -3711;-1589
1562 KEY_DDOWN 9237;31438 -2449;-1066
1563 KEY_B;KEY_DDOWN 9273;31427 -2433;-1068
1564 KEY_DDOWN 9289;31422 -2801;-1636
1565 KEY_B;KEY_DDOWN 9242;31436 -3177;-2089
1566 KEY_DDOWN 9299;31419 -3215;-2126
1567 KEY_B;KEY_DDOWN 9309;31416 -2585;-1267
1568 KEY_DDOWN 9289;31422 -1327;-639
1569 KEY_B;KEY_DDOWN 9189;31451 -1184;-576
1570 KEY_DDOWN 8049;31447 -1525;-944
1571 KEY_B;KEY_DDOWN 6739;31370 -2066;-1483
1572 KEY_DDOWN 4742;31539 -2095;-1506
1573 KEY_B;KEY_DDOWN 3676;31501 -1289;-659
1574 KEY_DDOWN 2387;31516 -102;-49
1575 KEY_B;KEY_DDOWN 1259;31571 0;0
1576 KEY_DDOWN 493;31565 -202;-118
1577 KEY_B;KEY_DDOWN 42;31515 -1159;-936
1578 KEY_DDOWN -229;31637 -1195;-958
1579 KEY_B;KEY_DDOWN -353;31638 -99;-50
1580 KEY_DDOWN -374;31638 0;0
1581 KEY_B;KEY_DDOWN -332;31661 0;0
1582 KEY_DDOWN 109;31637 0;0
1583 KEY_B;KEY_DDOWN 312;31589 -669;-544
1584 KEY_DDOWN 335;31637 -967;-811
1585 KEY_B;KEY_DDOWN 402;31686 -625;-449
1586 KEY_DDOWN 357;31638 -162;-95
1587 KEY_B;KEY_DDOWN 379;31638 0;0
1588 KEY_DDOWN 357;31661 0;0
1589 KEY_B;KEY_DDOWN 380;31686 -215;-128
1590 KEY_DDOWN -395;31710 -2107;-1471
1591 KEY_B;KEY_DDOWN -1035;31810 -2300;-1553
1592 KEY_DDOWN -1345;31862 -1222;-533
1593 KEY_B;KEY_DDOWN -1841;31894 -288;-112
1594 KEY_DDOWN -1944;31895 -137;-52
1595 KEY_B;KEY_DDOWN -2005;31823 -181;-72
1596 KEY_DDOWN -2378;31878 -1101;-772
1597 KEY_B;KEY_DDOWN -2607;31955 -2494;-1831
1598 KEY_DDOWN -2586;31907 -2563;-1873
1599 KEY_B;KEY_DDOWN -2565;31930 -1377;-672
1600 KEY_DDOWN -2584;31811 -522;-250
1601 KEY_B;KEY_DDOWN -2337;31854 -410;-203
1602 KEY_DDOWN -2150;31874 -584;-312
1603 KEY_DDOWN -1881;31846 -3195;-2507
1604 KEY_B;KEY_DDOWN -1591;31841 -3456;-2620
1605 KEY_DDOWN -1179;31715 -2523;-1338
1606 KEY_B;KEY_DDOWN -250;31879 -1777;-883
1607 KEY_DDOWN 1691;31843 -1456;-723
1608 KEY_B;KEY_DDOWN 2369;31830 -1448;-740
1609 KEY_DDOWN 2527;31785 -4756;-3397
1610 KEY_B;KEY_DDOWN 2574;31834 -6617;-5242
1611 KEY_DDOWN 2595;31811 -6351;-4367
1612 KEY_B;KEY_DDOWN 2595;31786 -4508;-2323
1613 KEY_DDOWN 2596;31859 -2495;-1102
1614 KEY_B;KEY_DDOWN 2416;31879 -2324;-1019
1615 KEY_DDOWN -1534;32252 -2479;-1105
1616 KEY_B;KEY_DDOWN -3111;32282 -4782;-2794
1617 KEY_DDOWN -3361;32288 -4934;-2953
1618 KEY_B;KEY_DDOWN -3568;32294 -2980;-1349
1619 KEY_DDOWN -3506;32292 -1477;-582
1620 KEY_B;KEY_DDOWN -3503;32171 -856;-344
1621 KEY_DDOWN -3505;32219 -623;-258
1622 KEY_B;KEY_DDOWN -3525;32220 -1632;-1116
1623 KEY_DDOWN -3525;32220 -2596;-1860
1624 KEY_B;KEY_DDOWN -3523;32171 -2038;-1148
1625 KEY_DDOWN -3524;32196 -1539;-641
1626 KEY_B;KEY_DDOWN -4108;32238 -1005;-390
1627 KEY_DDOWN -5880;32235 -989;-387
1628 KEY_B;KEY_DDOWN -8336;31688 -2615;-1720
1629 KEY_DDOWN -8961;31517 -3375;-2231
1630 KEY_B;KEY_DDOWN -9118;31472 -2791;-1386
1631 KEY_DDOWN -9136;31467 -1327;-528
1632 KEY_B;KEY_DDOWN -9136;31467 -378;-152
1633 KEY_DDOWN -9056;31490 -176;-71
1634 KEY_B;KEY_DDOWN -8819;31557 -1517;-1095
1635 KEY_DDOWN -8795;31564 -2329;-1706
1636 KEY_B;KEY_DDOWN -7772;31831 -845;-163
1637 KEY_DDOWN -6646;32011 0;0
1638 KEY_B;KEY_DDOWN -6121;31960 0;0
1639 KEY_DDOWN -6037;31956 0;0
1640 KEY_B;KEY_DDOWN -5997;32002 0;0
1641 KEY_DDOWN -6017;31979 0;0
1642 KEY_B;KEY_DDOWN -7772;31831 0;0
1643 KEY_DDOWN -6646;32011 0;0
1644 KEY_B;KEY_DDOWN -6121;31960 0;0
1645 KEY_DDOWN -6037;31956 0;0
1646 NONE -5973;31929 0;0
1647 NONE -5914;31998 0;0
1648 NONE -5430;31928 0;0
1649 NONE -5430;31928 0;0
1650 NONE -5264;31921 0;0
1651 NONE -4763;31877 0;0
1652 KEY_X -4764;31900 0;0
1653 KEY_X -4494;31915 0;0
1654 KEY_X -3913;31943 0;0
1655 NONE -2918;31962 0;0
1656 NONE -2856;31961 0;0
1657 NONE -2874;31866 0;0
1658 KEY_X -2793;31936 0;0
1659 KEY_X -2648;31932 0;0
1660 KEY_X -2441;31951 0;0
1661 NONE -2172;31899 0;0
1662 NONE -2151;31922 0;0
1663 NONE -2194;31995 0;0
1664 KEY_X -2111;32018 0;0
1665 KEY_X -1016;32028 0;0
1666 KEY_X 178;32120 0;0
1667 KEY_X 155;32072 0;0
1668 NONE 222;32194 0;0
1669 NONE 314;32217 0;0
1670 NONE 268;32169 0;0
1671 KEY_X 336;32121 0;0
1672 KEY_X 313;32121 0;0
1673 KEY_X 313;32072 0;0
1674 NONE 313;32048 0;0
1675 NONE 336;32049 0;0
1676 NONE 290;32072 0;0
1677 KEY_X 336;32072 0;0
1678 KEY_X 336;32145 0;0
1679 KEY_X 291;32097 0;0
1680 KEY_X 313;32121 0;0
1681 NONE 313;32121 0;0
1682 NONE -602;32146 0;0
1683 NONE -954;32221 0;0
1684 KEY_X -935;32294 0;0
1685 KEY_X -851;32268 0;0
1686 KEY_X -893;32197 0;0
1687 KEY_X -914;32269 0;0
1688 NONE -872;32293 0;0
1689 NONE -914;32245 0;0
1690 NONE -872;32245 0;0
1691 KEY_X -851;32245 0;0
1692 KEY_X -1224;32296 0;0
1693 KEY_X -1308;32297 0;0
1694 KEY_X -1329;32298 0;0
1695 NONE -1328;32249 0;0
1696 NONE -1328;32249 0;0
1697 NONE -1348;32249 0;0
1698 KEY_X -1308;32321 0;0
1699 KEY_X -1266;32248 0;0
1700 KEY_X -976;32294 0;0
1701 KEY_X -354;32314 0;0
1702 NONE -313;32291 0;0
1703 NONE -313;32291 0;0
1704 NONE -230;32242 0;0
1705 KEY_X -209;32290 0;0
1706 KEY_X -209;32266 0;0
1707 KEY_X -188;32217 0;0
1708 KEY_X -148;32314 0;0
1709 NONE -148;32314 0;0
1710 NONE -168;32314 0;0
1711 KEY_X -168;32266 0;0
1712 KEY_X -148;32242 0;0
1713 KEY_X -168;32290 0;0
1714 KEY_X -354;32242 0;0
1715 KEY_X -1908;32329 0;0
1716 NONE -5555;32292 0;0
1717 NONE -7387;31923 0;0
1718 NONE -7784;31828 0;0
1719 NONE -7667;31857 0;0
1720 NONE -6547;32106 -18336;-5563
1721 NONE -6141;32186 -26546;-9776
1722 NONE -5335;32188 -27078;-9942
1723 KEY_DDOWN -5150;32253 -19134;-8142
1724 KEY_DDOWN -4190;32217 -9941;-2787
1725 KEY_DDOWN -1803;32230 -7930;-558
1726 KEY_DDOWN -830;32196 -7273;254
1727 KEY_DDOWN -438;32243 -6941;485
1728 KEY_DDOWN -148;32217 -6013;500
1729 KEY_DDOWN 109;32193 -6075;303
1730 KEY_DDOWN 1513;32178 -6199;-78
1731 KEY_DDOWN 2489;32219 -6227;147
1732 KEY_B;KEY_DDOWN 3056;32207 -6218;424
1733 KEY_B;KEY_DDOWN 4351;32174 -5978;414
1734 KEY_B;KEY_DDOWN 4441;32129 -5147;350
1735 KEY_DDOWN 4465;32154 -5195;-288
1736 KEY_DDOWN 4783;32117 -5249;-511
1737 KEY_DDOWN 4761;32165 -5245;-250
1738 KEY_B;KEY_DDOWN 4785;32190 -5182;55
1739 KEY_B;KEY_DDOWN 4806;32143 -5264;123
1740 KEY_B;KEY_DDOWN 3395;32119 -5239;142
1741 KEY_DDOWN 2443;32170 -5414;-357
1742 KEY_DDOWN 2284;32142 -5594;-688
1743 KEY_DDOWN 2284;32167 -5636;-628
1744 KEY_B;KEY_DDOWN 2215;32117 -5600;-354
1745 KEY_B;KEY_DDOWN 2442;32121 -5519;-341
1746 KEY_B;KEY_DDOWN 4215;32193 -5516;-299
1747 KEY_B;KEY_DDOWN 5693;32059 -5503;-443
1748 KEY_DDOWN 5740;32086 -5731;-1173
1749 KEY_DDOWN 5695;32132 -6151;-1324
1750 KEY_DDOWN 5764;32110 -6339;-1370
1751 KEY_B;KEY_DDOWN 5718;32108 -6318;-1183
1752 KEY_B;KEY_DDOWN 5789;32184 -6386;-1144
1753 KEY_B;KEY_DDOWN 5740;32086 -7214;-1284
1754 KEY_DDOWN 5741;32109 -9566;-2435
1755 KEY_DDOWN 5765;32159 -11733;-3289
1756 KEY_DDOWN 5788;32136 -11741;-3337
1757 KEY_DDOWN 5741;32134 -11730;-3272
1758 KEY_B;KEY_DDOWN 5765;32135 -11610;-2865
1759 KEY_B;KEY_DDOWN 5763;32087 -11530;-2841
1760 KEY_B;KEY_DDOWN 5764;32110 -11508;-2870
1761 KEY_DDOWN 5788;32136 -11657;-3567
1762 KEY_DDOWN 5788;32136 -11666;-3616
1763 KEY_DDOWN 5812;32161 -11636;-3596
1764 KEY_B;KEY_DDOWN 5647;32034 -11582;-3004
1765 KEY_B;KEY_DDOWN 4190;32096 -11519;-2934
1766 KEY_B;KEY_DDOWN 2941;32132 -11546;-2937
1767 KEY_DDOWN 2148;32164 -11568;-3223
1768 KEY_DDOWN 2170;32091 -11758;-3836
1769 KEY_DDOWN 2171;32188 -11736;-3850
1770 KEY_B;KEY_DDOWN 2103;32187 -10546;-2904
1771 KEY_B;KEY_DDOWN 2171;32165 -9926;-2711
1772 KEY_B;KEY_DDOWN 2194;32213 -9790;-2666
1773 KEY_DDOWN 2172;32213 -9777;-2722
1774 KEY_DDOWN 2193;32140 -9853;-3299
1775 KEY_DDOWN 2172;32237 -8369;-3111
1776 KEY_B;KEY_DDOWN 2171;32165 -3635;-936
1777 KEY_B;KEY_DDOWN 2035;32211 -2039;-447
1778 KEY_B;KEY_DDOWN -85;32265 -1450;-318
1779 KEY_B;KEY_DDOWN -1722;32423 -1045;-242
1780 KEY_DDOWN -2241;32408 -1136;-300
1781 KEY_DDOWN -2449;32412 0;0
1782 KEY_DDOWN -3591;32391 0;0
1783 KEY_B;KEY_DDOWN -4216;32411 0;0
1784 KEY_B;KEY_DDOWN -4897;32398 0;0
1785 KEY_B;KEY_DDOWN -5623;32280 0;0
1786 KEY_B;KEY_DDOWN -5929;32225 0;0
1787 KEY_DDOWN -7490;31899 0;0
1788 KEY_DDOWN -8538;31634 0;0
1789 KEY_B;KEY_DDOWN -8609;31615 0;0
1790 KEY_B;KEY_DDOWN -8666;31600 0;0
1791 KEY_B;KEY_DDOWN -8652;31604 0;0
1792 KEY_B;KEY_DDOWN -8548;31632 0;0
1793 NONE -7532;31889 0;0
1794 NONE -7507;31895 0;0
1795 NONE -5457;32309 0;0
1796 KEY_B -5127;32204 0;0
1797 KEY_B -5109;32275 0;0
1798 KEY_B -5106;32203 0;0
1799 KEY_B -5296;32234 0;0
1800 KEY_B -7400;31920 0;0
1801 KEY_B -8323;31692 0;0
1802 KEY_B -8279;31703 0;0
1803 KEY_B -8303;31697 0;0
1804 KEY_B -8294;31699 0;0
1805 KEY_B -8266;31707 0;0
1806 KEY_B -8347;31685 0;0
1807 KEY_B -8294;31699 0;0
1808 KEY_B -7572;31879 0;0
1809 KEY_B -5794;32160 0;0
1810 KEY_B -5520;32100 0;0
1811 KEY_B -5542;32125 0;0
1812 KEY_B -2174;32091 0;0
1813 KEY_B 562;32146 0;0
1814 KEY_B 2419;32073 0;0
1815 KEY_B 2199;32693 0;0
1816 KEY_LSTICK -1;32766 0;0
1817 KEY_LSTICK -1121;32747 0;0
1818 KEY_LSTICK -1587;32728 0;0
1819 KEY_LSTICK -1729;32721 0;0
1820 NONE -1780;32718 0;0
1821 NONE -1556;32730 0;0
1822 NONE -1020;32681 0;0
1823 NONE -957;32680 0;0
1824 NONE -999;32657 0;0
1825 NONE -1475;32685 0;0
1826 NONE -1995;32706 0;0
1827 NONE -3130;32617 0;0
1828 NONE -3584;32570 0;0
1829 NONE -4198;32496 0;0
1830 NONE -4231;32492 0;0
1831 NONE -4274;32487 0;0
1832 NONE -4274;32487 0;0
1833 NONE -4274;32487 0;0
1834 NONE -2078;32622 0;0
1835 KEY_B -2078;32622 0;0
